AFG-001830,región D,01/01/2017
AFG-000966,región F,01/01/2017
1,enero,01/01/2017
AFG-003115,región A,02/01/2017
AFG-002968,región B,02/01/2017
AFG-001156,región F,02/01/2017
3,enero,03/01/2017
3,enero,03/01/2017
3,enero,03/01/2017
AFG-002915,región F,04/01/2017
AFG-002730,región E,04/01/2017
AFG-001008,región A,04/01/2017
AFG-002875,región A,05/01/2017
AFG-001161,región F,05/01/2017
5,enero,05/01/2017
AFG-001891,región A,01/06/2017
AFG-001804,región C,06/01/2017
6,enero,06/01/2017
AFG-003161,región C,07/01/2017
AFG-002377,región B,01/07/2017
7,enero,07/01/2017
AFG-002983,región F,08/01/2017
AFG-001434,región E,08/01/2017
8,enero,08/01/2017
AFG-001364,región F,09/01/2017
9,enero,09/01/2017
9,enero,09/01/2017
AFG-002266,región B,01/10/2017
AFG-001727,región C,10/01/2017
10,enero,10/01/2017
AFG-002705,región F,11/01/2017
AFG-001251,región A,11/01/2017
11,enero,11/01/2017
AFG-002015,región D,01/12/2017
AFG-001789,región A,12/01/2017
AFG-001474,región B,12/01/2017
AFG-001793,región B,13/01/2017
AFG-001348,región C,13/01/2017
AFG-001176,región A,13/01/2017
AFG-002245,región E,14/01/2017
AFG-001676,región D,14/01/2017
AFG-000948,región F,14/01/2017
AFG-002268,región F,15/01/2017
AFG-001860,región A,15/01/2017
AFG-001200,región E,15/01/2017
AFG-001906,región A,16/01/2017
16,enero,16/01/2017
16,enero,16/01/2017
AFG-002871,región B,17/01/2017
AFG-001265,región C,17/01/2017
17,enero,17/01/2017
AFG-002842,región C,18/01/2017
AFG-001066,región E,18/01/2017
18,enero,18/01/2017
AFG-002050,región B,19/01/2017
AFG-001885,región C,19/01/2017
19,enero,19/01/2017
AFG-001077,región B,20/01/2017
AFG-000944,región C,20/01/2017
20,enero,20/01/2017
AFG-002600,región E,21/01/2017
AFG-002174,región D,21/01/2017
21,enero,21/01/2017
AFG-001855,región E,22/01/2017
22,enero,22/01/2017
22,enero,22/01/2017
AFG-002802,región B,23/01/2017
AFG-001674,región C,23/01/2017
23,enero,23/01/2017
AFG-003060,región F,24/01/2017
AFG-001646,región A,24/01/2017
AFG-001365,región E,24/01/2017
AFG-002733,región D,25/01/2017
AFG-002166,región C,25/01/2017
AFG-002028,región F,25/01/2017
AFG-002458,región C,26/01/2017
26,enero,26/01/2017
26,enero,26/01/2017
AFG-003222,región C,27/01/2017
AFG-002278,región A,27/01/2017
AFG-001711,región B,27/01/2017
AFG-003063,región F,28/01/2017
AFG-002400,región B,28/01/2017
28,enero,28/01/2017
AFG-002296,región C,29/01/2017
AFG-001237,región D,29/01/2017
29,enero,29/01/2017
AFG-002945,región D,30/01/2017
AFG-001901,región F,30/01/2017
30,enero,30/01/2017
AFG-002563,región D,31/01/2017
AFG-001129,región C,31/01/2017
31,enero,31/01/2017
AFG-001862,región C,01/02/2017
AFG-000955,región D,01/02/2017
1,febrero,01/02/2017
AFG-001298,región A,02/02/2017
AFG-000969,región F,02/02/2017
2,febrero,02/02/2017
AFG-003288,región B,03/02/2017
AFG-002017,región D,02/03/2017
3,febrero,03/02/2017
AFG-002395,región A,02/04/2017
4,febrero,04/02/2017
4,febrero,04/02/2017
AFG-003156,región B,05/02/2017
AFG-001563,región C,05/02/2017
AFG-001527,región D,05/02/2017
AFG-001169,región E,06/02/2017
6,febrero,06/02/2017
6,febrero,06/02/2017
AFG-001956,región E,02/07/2017
AFG-001461,región B,07/02/2017
7,febrero,07/02/2017
AFG-002435,región E,02/08/2017
8,febrero,08/02/2017
8,febrero,08/02/2017
AFG-002576,región D,02/09/2017
AFG-001769,región F,09/02/2017
AFG-001030,región A,09/02/2017
AFG-002741,región A,10/02/2017
AFG-001493,región B,10/02/2017
AFG-000953,región E,10/02/2017
AFG-002447,región A,02/11/2017
AFG-002403,región B,02/11/2017
11,febrero,11/02/2017
AFG-001378,región C,12/02/2017
AFG-001312,región B,12/02/2017
12,febrero,12/02/2017
AFG-002994,región D,13/02/2017
AFG-001326,región E,13/02/2017
AFG-001094,región C,13/02/2017
AFG-003150,región D,14/02/2017
14,febrero,14/02/2017
14,febrero,14/02/2017
AFG-002990,región B,15/02/2017
AFG-001755,región C,15/02/2017
15,febrero,15/02/2017
AFG-002513,región F,16/02/2017
AFG-001886,región A,16/02/2017
16,febrero,16/02/2017
17,febrero,17/02/2017
17,febrero,17/02/2017
17,febrero,17/02/2017
AFG-003266,región B,18/02/2017
AFG-002012,región D,18/02/2017
18,febrero,18/02/2017
AFG-001866,región B,19/02/2017
19,febrero,19/02/2017
19,febrero,19/02/2017
AFG-002953,región D,20/02/2017
AFG-002480,región E,20/02/2017
AFG-001839,región F,20/02/2017
AFG-003180,región E,21/02/2017
AFG-003042,región D,21/02/2017
AFG-001555,región C,21/02/2017
AFG-002841,región B,22/02/2017
AFG-002185,región C,22/02/2017
22,febrero,22/02/2017
AFG-003205,región A,23/02/2017
AFG-001218,región B,23/02/2017
23,febrero,23/02/2017
AFG-001946,región A,24/02/2017
AFG-001664,región F,24/02/2017
AFG-001337,región E,24/02/2017
AFG-002769,región B,25/02/2017
AFG-002291,región A,25/02/2017
25,febrero,25/02/2017
AFG-002057,región C,26/02/2017
AFG-001916,región B,26/02/2017
26,febrero,26/02/2017
AFG-002401,región B,27/02/2017
AFG-002363,región D,27/02/2017
27,febrero,27/02/2017
AFG-001521,región C,28/02/2017
AFG-001401,región D,28/02/2017
28,febrero,28/02/2017
AFG-003283,región E,01/03/2017
AFG-002197,región B,03/01/2017
1,marzo,01/03/2017
AFG-003021,región E,02/03/2017
AFG-002420,región D,03/02/2017
2,marzo,02/03/2017
AFG-002721,región E,03/03/2017
AFG-001652,región D,03/03/2017
AFG-001560,región A,03/03/2017
AFG-002335,región C,03/04/2017
4,marzo,04/03/2017
4,marzo,04/03/2017
AFG-002424,región F,03/05/2017
AFG-001773,región E,05/03/2017
5,marzo,05/03/2017
AFG-002206,región D,03/06/2017
AFG-001998,región F,03/06/2017
6,marzo,06/03/2017
AFG-002713,región E,07/03/2017
AFG-001592,región D,07/03/2017
7,marzo,07/03/2017
AFG-002836,región B,08/03/2017
AFG-001480,región E,08/03/2017
AFG-001454,región F,08/03/2017
AFG-001994,región E,03/09/2017
AFG-001751,región F,09/03/2017
AFG-001210,región B,09/03/2017
AFG-001779,región B,10/03/2017
10,marzo,10/03/2017
10,marzo,10/03/2017
AFG-002879,región E,11/03/2017
AFG-002507,región C,03/11/2017
AFG-001989,región D,03/11/2017
AFG-003257,región D,12/03/2017
AFG-001893,región E,03/12/2017
12,marzo,12/03/2017
AFG-002162,región D,13/03/2017
13,marzo,13/03/2017
13,marzo,13/03/2017
AFG-002566,región C,14/03/2017
AFG-001600,región D,14/03/2017
14,marzo,14/03/2017
AFG-001116,región B,15/03/2017
AFG-000981,región F,15/03/2017
15,marzo,15/03/2017
16,marzo,16/03/2017
16,marzo,16/03/2017
16,marzo,16/03/2017
AFG-003268,región D,17/03/2017
AFG-002787,región A,17/03/2017
17,marzo,17/03/2017
AFG-002594,región F,18/03/2017
AFG-001923,región D,18/03/2017
18,marzo,18/03/2017
AFG-002933,región C,19/03/2017
AFG-002175,región B,19/03/2017
19,marzo,19/03/2017
AFG-001745,región F,20/03/2017
AFG-001665,región C,20/03/2017
20,marzo,20/03/2017
AFG-003105,región C,21/03/2017
AFG-002560,región B,21/03/2017
21,marzo,21/03/2017
AFG-003076,región D,22/03/2017
AFG-002498,región C,22/03/2017
22,marzo,22/03/2017
AFG-002701,región F,23/03/2017
AFG-002061,región E,23/03/2017
23,marzo,23/03/2017
AFG-003091,región E,24/03/2017
AFG-002307,región F,24/03/2017
24,marzo,24/03/2017
AFG-001564,región E,25/03/2017
25,marzo,25/03/2017
25,marzo,25/03/2017
AFG-002957,región F,26/03/2017
26,marzo,26/03/2017
26,marzo,26/03/2017
27,marzo,27/03/2017
27,marzo,27/03/2017
27,marzo,27/03/2017
AFG-001043,región C,28/03/2017
28,marzo,28/03/2017
28,marzo,28/03/2017
AFG-002157,región D,29/03/2017
29,marzo,29/03/2017
29,marzo,29/03/2017
AFG-003122,región E,30/03/2017
AFG-002002,región F,30/03/2017
AFG-001792,región D,30/03/2017
AFG-001548,región F,31/03/2017
31,marzo,31/03/2017
31,marzo,31/03/2017
AFG-002517,región A,04/01/2017
AFG-002009,región B,04/01/2017
AFG-001438,región F,01/04/2017
AFG-002624,región E,02/04/2017
AFG-001731,región D,02/04/2017
AFG-001704,región C,02/04/2017
AFG-003187,región B,03/04/2017
AFG-002359,región F,04/03/2017
AFG-001922,región A,04/03/2017
AFG-001245,región A,04/04/2017
AFG-001155,región F,04/04/2017
4,abril,04/04/2017
AFG-002678,región C,05/04/2017
AFG-002212,región F,04/05/2017
AFG-002036,región E,04/05/2017
AFG-003293,región F,06/04/2017
AFG-001577,región C,06/04/2017
AFG-001559,región D,06/04/2017
7,abril,07/04/2017
7,abril,07/04/2017
7,abril,07/04/2017
AFG-001310,región E,08/04/2017
AFG-000989,región B,08/04/2017
8,abril,08/04/2017
AFG-002636,región E,09/04/2017
AFG-001682,región D,09/04/2017
9,abril,09/04/2017
AFG-001981,región B,04/10/2017
AFG-001281,región F,10/04/2017
10,abril,10/04/2017
AFG-002261,región D,04/11/2017
11,abril,11/04/2017
11,abril,11/04/2017
AFG-003147,región D,12/04/2017
AFG-002987,región C,12/04/2017
12,abril,12/04/2017
AFG-001540,región F,13/04/2017
AFG-001388,región A,13/04/2017
13,abril,13/04/2017
AFG-003093,región E,14/04/2017
AFG-002380,región F,14/04/2017
14,abril,14/04/2017
AFG-002966,región E,15/04/2017
AFG-002908,región D,15/04/2017
AFG-002445,región F,15/04/2017
AFG-002114,región E,16/04/2017
AFG-002073,región A,16/04/2017
AFG-002054,región F,16/04/2017
AFG-001614,región A,17/04/2017
AFG-001534,región B,17/04/2017
17,abril,17/04/2017
18,abril,18/04/2017
18,abril,18/04/2017
18,abril,18/04/2017
AFG-001868,región F,19/04/2017
AFG-001123,región E,19/04/2017
19,abril,19/04/2017
AFG-003206,región B,20/04/2017
AFG-001274,región D,20/04/2017
20,abril,20/04/2017
AFG-002025,región C,21/04/2017
AFG-001716,región A,21/04/2017
AFG-001181,región B,21/04/2017
AFG-002709,región B,22/04/2017
AFG-002148,región C,22/04/2017
22,abril,22/04/2017
AFG-002433,región F,23/04/2017
AFG-001316,región E,23/04/2017
AFG-001072,región B,23/04/2017
AFG-000965,región E,24/04/2017
24,abril,24/04/2017
24,abril,24/04/2017
AFG-001380,región F,25/04/2017
25,abril,25/04/2017
25,abril,25/04/2017
AFG-002889,región E,26/04/2017
26,abril,26/04/2017
26,abril,26/04/2017
AFG-002280,región E,27/04/2017
AFG-001719,región B,27/04/2017
27,abril,27/04/2017
AFG-002817,región B,28/04/2017
AFG-002075,región C,28/04/2017
28,abril,28/04/2017
AFG-002123,región C,29/04/2017
AFG-002032,región A,29/04/2017
AFG-001447,región F,29/04/2017
AFG-001368,región C,30/04/2017
AFG-000974,región D,30/04/2017
30,abril,30/04/2017
AFG-002920,región C,01/05/2017
AFG-001661,región E,01/05/2017
AFG-001017,región B,01/05/2017
AFG-002993,región E,02/05/2017
AFG-002386,región A,05/02/2017
AFG-002234,región F,05/02/2017
AFG-003047,región C,03/05/2017
3,mayo,03/05/2017
3,mayo,03/05/2017
AFG-001082,región D,04/05/2017
4,mayo,04/05/2017
4,mayo,04/05/2017
AFG-002524,región E,05/05/2017
AFG-002221,región D,05/05/2017
5,mayo,05/05/2017
AFG-002274,región B,05/06/2017
AFG-002208,región C,05/06/2017
AFG-001776,región A,06/05/2017
AFG-002613,región B,07/05/2017
AFG-001590,región E,07/05/2017
7,mayo,07/05/2017
AFG-002216,región F,05/08/2017
AFG-001723,región C,08/05/2017
8,mayo,08/05/2017
AFG-002783,región F,09/05/2017
AFG-002762,región C,09/05/2017
AFG-002346,región A,05/09/2017
AFG-001960,región E,05/10/2017
10,mayo,10/05/2017
10,mayo,10/05/2017
AFG-002107,región E,05/11/2017
AFG-001558,región C,11/05/2017
AFG-001178,región D,11/05/2017
AFG-002167,región C,05/12/2017
AFG-000999,región D,12/05/2017
12,mayo,12/05/2017
AFG-002666,región C,13/05/2017
AFG-002317,región B,13/05/2017
AFG-001763,región A,13/05/2017
AFG-002541,región A,14/05/2017
AFG-002369,región B,14/05/2017
14,mayo,14/05/2017
AFG-003295,región C,15/05/2017
AFG-001336,región A,15/05/2017
15,mayo,15/05/2017
AFG-003129,región B,16/05/2017
16,mayo,16/05/2017
16,mayo,16/05/2017
AFG-002999,región E,17/05/2017
AFG-002108,región B,17/05/2017
AFG-001331,región A,17/05/2017
AFG-001941,región F,18/05/2017
AFG-001305,región E,18/05/2017
18,mayo,18/05/2017
AFG-002790,región B,19/05/2017
AFG-001786,región A,19/05/2017
19,mayo,19/05/2017
AFG-001884,región F,20/05/2017
AFG-001012,región E,20/05/2017
20,mayo,20/05/2017
AFG-001995,región C,21/05/2017
AFG-001865,región D,21/05/2017
AFG-001223,región B,21/05/2017
AFG-002288,región E,22/05/2017
AFG-001621,región A,22/05/2017
22,mayo,22/05/2017
AFG-002627,región C,23/05/2017
AFG-001108,región D,23/05/2017
23,mayo,23/05/2017
AFG-003248,región E,24/05/2017
AFG-002222,región D,24/05/2017
AFG-001422,región B,24/05/2017
AFG-002919,región F,25/05/2017
AFG-001955,región B,25/05/2017
AFG-001247,región A,25/05/2017
AFG-001841,región F,26/05/2017
26,mayo,26/05/2017
26,mayo,26/05/2017
AFG-003088,región B,27/05/2017
27,mayo,27/05/2017
27,mayo,27/05/2017
AFG-002714,región D,28/05/2017
28,mayo,28/05/2017
28,mayo,28/05/2017
AFG-002932,región F,29/05/2017
AFG-001406,región B,29/05/2017
29,mayo,29/05/2017
AFG-003131,región C,30/05/2017
AFG-001628,región D,30/05/2017
30,mayo,30/05/2017
AFG-001991,región A,31/05/2017
AFG-001199,región F,31/05/2017
31,mayo,31/05/2017
AFG-002702,región B,01/06/2017
AFG-001473,región A,01/06/2017
1,junio,01/06/2017
AFG-002640,región C,02/06/2017
AFG-001750,región E,02/06/2017
2,junio,02/06/2017
AFG-001873,región A,03/06/2017
3,junio,03/06/2017
3,junio,03/06/2017
AFG-002396,región B,06/04/2017
AFG-001211,región C,04/06/2017
4,junio,04/06/2017
AFG-003018,región C,05/06/2017
AFG-002646,región B,05/06/2017
5,junio,05/06/2017
AFG-001492,región E,06/06/2017
AFG-001131,región F,06/06/2017
AFG-001095,región A,06/06/2017
AFG-002321,región E,06/07/2017
AFG-002093,región C,06/07/2017
7,junio,07/06/2017
AFG-003043,región A,08/06/2017
AFG-002621,región B,08/06/2017
8,junio,08/06/2017
AFG-002954,región D,09/06/2017
AFG-002452,región B,06/09/2017
9,junio,09/06/2017
AFG-001363,región E,10/06/2017
10,junio,10/06/2017
10,junio,10/06/2017
AFG-002849,región D,11/06/2017
AFG-002813,región B,11/06/2017
11,junio,11/06/2017
AFG-002186,región D,06/12/2017
AFG-002161,región A,06/12/2017
12,junio,12/06/2017
AFG-003101,región B,13/06/2017
AFG-001020,región C,13/06/2017
AFG-000959,región D,13/06/2017
AFG-002483,región D,14/06/2017
AFG-001567,región C,14/06/2017
AFG-001025,región A,14/06/2017
AFG-002698,región F,15/06/2017
AFG-001988,región A,15/06/2017
15,junio,15/06/2017
AFG-002887,región B,16/06/2017
AFG-001926,región C,16/06/2017
AFG-001070,región E,16/06/2017
17,junio,17/06/2017
17,junio,17/06/2017
17,junio,17/06/2017
AFG-003292,región B,18/06/2017
AFG-002592,región A,18/06/2017
AFG-001936,región C,18/06/2017
AFG-001824,región E,19/06/2017
19,junio,19/06/2017
19,junio,19/06/2017
AFG-003070,región A,20/06/2017
AFG-002308,región E,20/06/2017
AFG-001827,región D,20/06/2017
AFG-002610,región B,21/06/2017
AFG-002418,región E,21/06/2017
AFG-001598,región F,21/06/2017
AFG-002686,región D,22/06/2017
AFG-001433,región E,22/06/2017
22,junio,22/06/2017
AFG-002683,región A,23/06/2017
AFG-001931,región B,23/06/2017
23,junio,23/06/2017
AFG-002195,región C,24/06/2017
AFG-001090,región A,24/06/2017
24,junio,24/06/2017
AFG-001484,región D,25/06/2017
AFG-001193,región F,25/06/2017
25,junio,25/06/2017
AFG-003229,región D,26/06/2017
AFG-003191,región B,26/06/2017
AFG-002754,región E,26/06/2017
AFG-001432,región A,27/06/2017
27,junio,27/06/2017
27,junio,27/06/2017
AFG-002958,región D,28/06/2017
AFG-001837,región E,28/06/2017
28,junio,28/06/2017
AFG-003092,región A,29/06/2017
29,junio,29/06/2017
29,junio,29/06/2017
AFG-002629,región B,30/06/2017
AFG-001944,región A,30/06/2017
30,junio,30/06/2017
AFG-002096,región C,07/01/2017
AFG-001009,región D,01/07/2017
1,julio,01/07/2017
AFG-001851,región C,02/07/2017
AFG-001412,región D,02/07/2017
2,julio,02/07/2017
AFG-003117,región D,03/07/2017
AFG-001243,región C,03/07/2017
AFG-001241,región E,03/07/2017
AFG-001487,región F,04/07/2017
AFG-001416,región E,04/07/2017
4,julio,04/07/2017
AFG-002506,región B,07/05/2017
AFG-002443,región A,07/05/2017
5,julio,05/07/2017
AFG-002874,región C,06/07/2017
AFG-001097,región A,06/07/2017
6,julio,06/07/2017
AFG-002936,región B,07/07/2017
7,julio,07/07/2017
7,julio,07/07/2017
AFG-002258,región D,07/08/2017
AFG-002006,región E,07/08/2017
8,julio,08/07/2017
AFG-001366,región E,09/07/2017
AFG-001078,región D,09/07/2017
9,julio,09/07/2017
AFG-002631,región B,10/07/2017
AFG-002453,región A,07/10/2017
AFG-001318,región C,10/07/2017
AFG-000995,región A,11/07/2017
AFG-000958,región B,11/07/2017
11,julio,11/07/2017
AFG-002323,región F,07/12/2017
AFG-001441,región A,12/07/2017
12,julio,12/07/2017
AFG-002182,región A,13/07/2017
13,julio,13/07/2017
13,julio,13/07/2017
AFG-001802,región B,14/07/2017
14,julio,14/07/2017
14,julio,14/07/2017
AFG-002763,región B,15/07/2017
AFG-001486,región F,15/07/2017
15,julio,15/07/2017
AFG-002264,región B,16/07/2017
AFG-002118,región C,16/07/2017
16,julio,16/07/2017
AFG-002352,región E,17/07/2017
17,julio,17/07/2017
17,julio,17/07/2017
AFG-001273,región A,18/07/2017
AFG-000976,región F,18/07/2017
18,julio,18/07/2017
AFG-002850,región C,19/07/2017
AFG-001918,región A,19/07/2017
AFG-001863,región B,19/07/2017
AFG-001831,región B,20/07/2017
AFG-001584,región E,20/07/2017
AFG-001328,región C,20/07/2017
AFG-003153,región A,21/07/2017
AFG-003110,región F,21/07/2017
AFG-001818,región D,21/07/2017
AFG-002187,región B,22/07/2017
AFG-001502,región F,22/07/2017
22,julio,22/07/2017
AFG-001635,región A,23/07/2017
23,julio,23/07/2017
23,julio,23/07/2017
AFG-003281,región B,24/07/2017
AFG-001508,región D,24/07/2017
AFG-000956,región C,24/07/2017
AFG-003231,región C,25/07/2017
AFG-001058,región D,25/07/2017
25,julio,25/07/2017
AFG-001796,región E,26/07/2017
AFG-001140,región C,26/07/2017
26,julio,26/07/2017
AFG-002812,región E,27/07/2017
AFG-002021,región B,27/07/2017
AFG-001743,región A,27/07/2017
AFG-001737,región E,28/07/2017
AFG-001151,región D,28/07/2017
AFG-000993,región B,28/07/2017
AFG-003192,región E,29/07/2017
AFG-002725,región F,29/07/2017
AFG-002460,región B,29/07/2017
AFG-001505,región E,30/07/2017
AFG-001430,región F,30/07/2017
30,julio,30/07/2017
AFG-001684,región A,31/07/2017
AFG-001662,región F,31/07/2017
AFG-001271,región E,31/07/2017
AFG-003140,región D,01/08/2017
AFG-002809,región E,01/08/2017
AFG-001054,región C,01/08/2017
AFG-002083,región E,08/02/2017
AFG-001686,región C,02/08/2017
AFG-001279,región D,02/08/2017
AFG-003167,región C,03/08/2017
AFG-002068,región B,08/03/2017
AFG-001260,región A,03/08/2017
AFG-002502,región A,08/04/2017
AFG-001052,región C,04/08/2017
4,agosto,04/08/2017
AFG-001842,región D,05/08/2017
AFG-001718,región F,05/08/2017
AFG-001253,región C,05/08/2017
AFG-003007,región B,06/08/2017
AFG-002411,región C,08/06/2017
AFG-001065,región E,06/08/2017
AFG-002597,región C,08/07/2017
AFG-001973,región E,08/07/2017
7,agosto,07/08/2017
AFG-003190,región E,08/08/2017
AFG-002210,región C,08/08/2017
AFG-001829,región F,08/08/2017
AFG-002857,región B,09/08/2017
9,agosto,09/08/2017
9,agosto,09/08/2017
AFG-001896,región E,08/10/2017
10,agosto,10/08/2017
10,agosto,10/08/2017
AFG-003184,región E,11/08/2017
AFG-002882,región A,11/08/2017
AFG-001586,región B,11/08/2017
AFG-002373,región D,08/12/2017
AFG-001980,región C,08/12/2017
AFG-001145,región B,12/08/2017
AFG-001656,región D,13/08/2017
AFG-001294,región C,13/08/2017
13,agosto,13/08/2017
AFG-002845,región E,14/08/2017
14,agosto,14/08/2017
14,agosto,14/08/2017
AFG-001945,región E,15/08/2017
15,agosto,15/08/2017
15,agosto,15/08/2017
AFG-001787,región E,16/08/2017
AFG-001162,región B,16/08/2017
AFG-001088,región F,16/08/2017
AFG-002202,región F,17/08/2017
17,agosto,17/08/2017
17,agosto,17/08/2017
AFG-002229,región E,18/08/2017
AFG-001358,región C,18/08/2017
18,agosto,18/08/2017
AFG-001983,región C,19/08/2017
AFG-001959,región B,19/08/2017
AFG-001601,región E,19/08/2017
AFG-003097,región E,20/08/2017
AFG-002980,región F,20/08/2017
20,agosto,20/08/2017
AFG-003217,región C,21/08/2017
AFG-002551,región B,21/08/2017
AFG-002119,región D,21/08/2017
AFG-002469,región E,22/08/2017
AFG-002000,región C,22/08/2017
22,agosto,22/08/2017
AFG-002003,región E,23/08/2017
AFG-001329,región A,23/08/2017
AFG-001139,región B,23/08/2017
AFG-002172,región D,24/08/2017
AFG-000972,región C,24/08/2017
24,agosto,24/08/2017
AFG-002098,región A,25/08/2017
AFG-001027,región E,25/08/2017
AFG-000949,región D,25/08/2017
AFG-003304,región C,26/08/2017
AFG-001386,región B,26/08/2017
26,agosto,26/08/2017
AFG-003099,región C,27/08/2017
AFG-002482,región E,27/08/2017
27,agosto,27/08/2017
28,agosto,28/08/2017
28,agosto,28/08/2017
28,agosto,28/08/2017
AFG-002456,región B,29/08/2017
AFG-002253,región C,29/08/2017
AFG-001878,región A,29/08/2017
AFG-002387,región B,30/08/2017
AFG-001914,región F,30/08/2017
AFG-000977,región C,30/08/2017
AFG-001683,región C,31/08/2017
AFG-001259,región F,31/08/2017
31,agosto,31/08/2017
AFG-002899,región D,01/09/2017
AFG-001512,región B,01/09/2017
1,septiembre,01/09/2017
AFG-002350,región E,09/02/2017
AFG-001117,región F,02/09/2017
2,septiembre,02/09/2017
AFG-002504,región F,09/03/2017
AFG-001897,región D,09/03/2017
3,septiembre,03/09/2017
AFG-003286,región B,04/09/2017
AFG-002706,región C,04/09/2017
AFG-002417,región D,09/04/2017
AFG-001397,región B,05/09/2017
AFG-001225,región A,05/09/2017
AFG-001114,región C,05/09/2017
AFG-002441,región D,09/06/2017
AFG-001597,región F,06/09/2017
AFG-001007,región A,06/09/2017
AFG-003245,región F,07/09/2017
AFG-001115,región D,07/09/2017
7,septiembre,07/09/2017
AFG-002194,región B,09/08/2017
AFG-002097,región A,09/08/2017
AFG-001006,región F,08/09/2017
AFG-002963,región F,09/09/2017
AFG-001847,región E,09/09/2017
AFG-001579,región C,09/09/2017
AFG-003075,región C,10/09/2017
10,septiembre,10/09/2017
10,septiembre,10/09/2017
AFG-002120,región C,09/11/2017
AFG-001693,región D,11/09/2017
11,septiembre,11/09/2017
12,septiembre,12/09/2017
12,septiembre,12/09/2017
12,septiembre,12/09/2017
AFG-002794,región A,13/09/2017
AFG-002048,región F,13/09/2017
AFG-001215,región E,13/09/2017
AFG-000961,región D,14/09/2017
14,septiembre,14/09/2017
14,septiembre,14/09/2017
AFG-001589,región B,15/09/2017
AFG-001399,región A,15/09/2017
15,septiembre,15/09/2017
AFG-002893,región C,16/09/2017
AFG-002105,región F,16/09/2017
AFG-001278,región D,16/09/2017
AFG-001377,región B,17/09/2017
17,septiembre,17/09/2017
17,septiembre,17/09/2017
AFG-002297,región B,18/09/2017
AFG-001770,región C,18/09/2017
AFG-000992,región F,18/09/2017
AFG-002446,región E,19/09/2017
AFG-001951,región D,19/09/2017
19,septiembre,19/09/2017
AFG-002846,región E,20/09/2017
AFG-002431,región A,20/09/2017
AFG-001071,región F,20/09/2017
AFG-003237,región E,21/09/2017
AFG-002426,región B,21/09/2017
AFG-001019,región C,21/09/2017
AFG-002582,región F,22/09/2017
AFG-001233,región D,22/09/2017
22,septiembre,22/09/2017
AFG-002616,región C,23/09/2017
AFG-001236,región B,23/09/2017
AFG-001028,región A,23/09/2017
AFG-003118,región C,24/09/2017
AFG-003111,región A,24/09/2017
AFG-002931,región F,24/09/2017
AFG-002430,región E,25/09/2017
AFG-001451,región B,25/09/2017
25,septiembre,25/09/2017
AFG-003232,región F,26/09/2017
AFG-003084,región C,26/09/2017
AFG-002793,región E,26/09/2017
AFG-001354,región C,27/09/2017
AFG-000971,región B,27/09/2017
27,septiembre,27/09/2017
AFG-002177,región C,28/09/2017
AFG-001976,región B,28/09/2017
28,septiembre,28/09/2017
AFG-002878,región F,29/09/2017
AFG-001485,región E,29/09/2017
29,septiembre,29/09/2017
AFG-002781,región E,30/09/2017
AFG-001675,región F,30/09/2017
30,septiembre,30/09/2017
AFG-002473,región A,10/01/2017
AFG-001838,región B,01/10/2017
AFG-001044,región D,01/10/2017
AFG-002392,región D,10/02/2017
AFG-001552,región A,02/10/2017
AFG-001275,región C,02/10/2017
AFG-003220,región A,03/10/2017
AFG-001821,región D,03/10/2017
AFG-001467,región F,03/10/2017
AFG-002964,región A,04/10/2017
AFG-002553,región F,10/04/2017
4,octubre,04/10/2017
AFG-003285,región D,05/10/2017
AFG-002995,región A,05/10/2017
AFG-001033,región C,05/10/2017
6,octubre,06/10/2017
6,octubre,06/10/2017
6,octubre,06/10/2017
AFG-002731,región A,07/10/2017
AFG-001322,región D,07/10/2017
7,octubre,07/10/2017
AFG-002822,región A,08/10/2017
AFG-002806,región B,08/10/2017
8,octubre,08/10/2017
AFG-003096,región C,09/10/2017
AFG-002905,región F,09/10/2017
AFG-001242,región D,09/10/2017
AFG-002499,región A,10/10/2017
AFG-002246,región E,10/10/2017
AFG-002034,región B,10/10/2017
AFG-001859,región D,11/10/2017
AFG-001573,región C,11/10/2017
AFG-001075,región B,11/10/2017
AFG-002533,región A,10/12/2017
AFG-001712,región C,12/10/2017
12,octubre,12/10/2017
AFG-002007,región C,13/10/2017
AFG-001694,región F,13/10/2017
13,octubre,13/10/2017
AFG-002340,región B,14/10/2017
AFG-001104,región C,14/10/2017
14,octubre,14/10/2017
AFG-002444,región A,15/10/2017
AFG-002070,región D,15/10/2017
AFG-002069,región C,15/10/2017
AFG-003120,región B,16/10/2017
AFG-002828,región C,16/10/2017
AFG-001803,región F,16/10/2017
AFG-003086,región E,17/10/2017
AFG-002766,región F,17/10/2017
AFG-002250,región D,17/10/2017
AFG-001872,región F,18/10/2017
18,octubre,18/10/2017
18,octubre,18/10/2017
AFG-002785,región E,19/10/2017
19,octubre,19/10/2017
19,octubre,19/10/2017
AFG-002429,región B,20/10/2017
AFG-002303,región D,20/10/2017
AFG-001042,región A,20/10/2017
AFG-002797,región D,21/10/2017
AFG-001376,región B,21/10/2017
AFG-000960,región A,21/10/2017
AFG-002112,región A,22/10/2017
22,octubre,22/10/2017
22,octubre,22/10/2017
AFG-002139,región D,23/10/2017
AFG-002100,región F,23/10/2017
23,octubre,23/10/2017
AFG-002837,región E,24/10/2017
AFG-002437,región F,24/10/2017
24,octubre,24/10/2017
AFG-002324,región B,25/10/2017
AFG-001672,región F,25/10/2017
25,octubre,25/10/2017
AFG-002810,región B,26/10/2017
AFG-001934,región E,26/10/2017
26,octubre,26/10/2017
AFG-002947,región C,27/10/2017
AFG-001659,región F,27/10/2017
27,octubre,27/10/2017
AFG-001964,región D,28/10/2017
AFG-001710,región F,28/10/2017
AFG-001518,región E,28/10/2017
AFG-001748,región C,29/10/2017
29,octubre,29/10/2017
29,octubre,29/10/2017
AFG-002518,región D,30/10/2017
AFG-001845,región A,30/10/2017
30,octubre,30/10/2017
AFG-002738,región B,31/10/2017
AFG-001448,región E,31/10/2017
31,octubre,31/10/2017
AFG-001289,región F,01/11/2017
AFG-001112,región A,01/11/2017
1,noviembre,01/11/2017
AFG-002344,región D,11/02/2017
AFG-001707,región C,02/11/2017
2,noviembre,02/11/2017
AFG-003305,región D,03/11/2017
AFG-002337,región C,11/03/2017
AFG-001445,región E,03/11/2017
AFG-001411,región F,04/11/2017
AFG-001352,región B,04/11/2017
4,noviembre,04/11/2017
AFG-001287,región C,05/11/2017
AFG-001252,región F,05/11/2017
5,noviembre,05/11/2017
AFG-002557,región C,11/06/2017
6,noviembre,06/11/2017
6,noviembre,06/11/2017
AFG-002689,región C,07/11/2017
AFG-001195,región E,07/11/2017
7,noviembre,07/11/2017
AFG-002029,región B,11/08/2017
8,noviembre,08/11/2017
8,noviembre,08/11/2017
AFG-003130,región E,09/11/2017
AFG-002774,región C,09/11/2017
9,noviembre,09/11/2017
AFG-002673,región A,10/11/2017
10,noviembre,10/11/2017
10,noviembre,10/11/2017
AFG-002353,región C,11/11/2017
AFG-002165,región D,11/11/2017
AFG-001910,región B,11/11/2017
AFG-002913,región F,12/11/2017
AFG-002191,región E,11/12/2017
AFG-001788,región C,12/11/2017
AFG-002223,región F,13/11/2017
AFG-001120,región D,13/11/2017
13,noviembre,13/11/2017
AFG-002612,región A,14/11/2017
AFG-001421,región F,14/11/2017
AFG-001409,región D,14/11/2017
AFG-002209,región D,15/11/2017
AFG-001068,región C,15/11/2017
15,noviembre,15/11/2017
AFG-002121,región D,16/11/2017
16,noviembre,16/11/2017
16,noviembre,16/11/2017
AFG-001708,región A,17/11/2017
17,noviembre,17/11/2017
17,noviembre,17/11/2017
AFG-001319,región D,18/11/2017
18,noviembre,18/11/2017
18,noviembre,18/11/2017
AFG-002156,región A,19/11/2017
AFG-001615,región B,19/11/2017
19,noviembre,19/11/2017
AFG-002960,región E,20/11/2017
20,noviembre,20/11/2017
20,noviembre,20/11/2017
AFG-003246,región B,21/11/2017
AFG-003087,región E,21/11/2017
AFG-002619,región F,21/11/2017
AFG-001892,región E,22/11/2017
AFG-001158,región F,22/11/2017
22,noviembre,22/11/2017
AFG-001725,región F,23/11/2017
AFG-001309,región E,23/11/2017
23,noviembre,23/11/2017
AFG-001730,región F,24/11/2017
AFG-001624,región C,24/11/2017
AFG-001202,región B,24/11/2017
AFG-002405,región D,25/11/2017
AFG-001647,región C,25/11/2017
AFG-001177,región E,25/11/2017
AFG-002956,región B,26/11/2017
AFG-002289,región C,26/11/2017
AFG-001761,región E,26/11/2017
AFG-003015,región C,27/11/2017
AFG-001638,región F,27/11/2017
27,noviembre,27/11/2017
AFG-002782,región D,28/11/2017
AFG-001209,región B,28/11/2017
28,noviembre,28/11/2017
AFG-002497,región C,29/11/2017
AFG-001623,región A,29/11/2017
29,noviembre,29/11/2017
AFG-002248,región A,30/11/2017
AFG-002244,región C,30/11/2017
30,noviembre,30/11/2017
AFG-002364,región B,12/01/2017
AFG-001418,región C,01/12/2017
AFG-000991,región A,01/12/2017
AFG-002997,región D,02/12/2017
2,diciembre,02/12/2017
2,diciembre,02/12/2017
AFG-002362,región A,12/03/2017
AFG-001531,región B,03/12/2017
3,diciembre,03/12/2017
AFG-000942,región C,04/12/2017
4,diciembre,04/12/2017
4,diciembre,04/12/2017
AFG-003228,región D,05/12/2017
AFG-003196,región E,05/12/2017
5,diciembre,05/12/2017
AFG-003057,región E,06/12/2017
AFG-001557,región C,06/12/2017
6,diciembre,06/12/2017
AFG-002864,región B,07/12/2017
AFG-001714,región C,07/12/2017
AFG-001571,región D,07/12/2017
AFG-002298,región A,12/08/2017
AFG-001226,región E,08/12/2017
AFG-001100,región F,08/12/2017
AFG-003049,región F,09/12/2017
9,diciembre,09/12/2017
9,diciembre,09/12/2017
AFG-002851,región D,10/12/2017
AFG-001228,región C,10/12/2017
10,diciembre,10/12/2017
AFG-003214,región A,11/12/2017
AFG-002798,región F,11/12/2017
11,diciembre,11/12/2017
AFG-001808,región E,12/12/2017
AFG-001194,región D,12/12/2017
12,diciembre,12/12/2017
AFG-002556,región C,13/12/2017
AFG-002279,región E,13/12/2017
AFG-001806,región F,13/12/2017
AFG-002471,región F,14/12/2017
AFG-001049,región E,14/12/2017
AFG-001000,región D,14/12/2017
AFG-002942,región D,15/12/2017
AFG-001746,región E,15/12/2017
15,diciembre,15/12/2017
AFG-002218,región D,16/12/2017
AFG-001867,región B,16/12/2017
AFG-001643,región A,16/12/2017
AFG-002952,región B,17/12/2017
AFG-001032,región E,17/12/2017
17,diciembre,17/12/2017
AFG-001146,región C,18/12/2017
18,diciembre,18/12/2017
18,diciembre,18/12/2017
AFG-002235,región D,19/12/2017
19,diciembre,19/12/2017
19,diciembre,19/12/2017
AFG-002938,región B,20/12/2017
AFG-001881,región D,20/12/2017
20,diciembre,20/12/2017
AFG-002848,región E,21/12/2017
AFG-002743,región D,21/12/2017
AFG-002715,región F,21/12/2017
AFG-002378,región D,22/12/2017
AFG-001856,región C,22/12/2017
AFG-001626,región E,22/12/2017
AFG-002127,región E,23/12/2017
AFG-001325,región D,23/12/2017
23,diciembre,23/12/2017
AFG-003058,región E,24/12/2017
AFG-001023,región D,24/12/2017
24,diciembre,24/12/2017
AFG-002868,región D,25/12/2017
AFG-001490,región B,25/12/2017
25,diciembre,25/12/2017
AFG-002591,región A,26/12/2017
AFG-001970,región F,26/12/2017
26,diciembre,26/12/2017
AFG-003263,región F,27/12/2017
AFG-002988,región B,27/12/2017
27,diciembre,27/12/2017
AFG-003291,región F,28/12/2017
AFG-002777,región A,28/12/2017
28,diciembre,28/12/2017
AFG-002319,región E,29/12/2017
AFG-002311,región D,29/12/2017
29,diciembre,29/12/2017
AFG-002408,región A,30/12/2017
AFG-002376,región C,30/12/2017
30,diciembre,30/12/2017
AFG-002158,región F,31/12/2017
AFG-001570,región D,31/12/2017
AFG-001026,región E,31/12/2017
AFG-002863,región A,01/01/2018
AFG-002345,región F,01/01/2018
AFG-002173,región B,01/01/2018
AFG-002011,región F,01/02/2018
AFG-001229,región D,02/01/2018
AFG-001224,región E,02/01/2018
AFG-001101,región D,03/01/2018
AFG-000973,región F,03/01/2018
3,enero,03/01/2018
AFG-003017,región C,04/01/2018
AFG-001420,región B,04/01/2018
AFG-001198,región D,04/01/2018
AFG-003249,región E,05/01/2018
AFG-002667,región F,05/01/2018
AFG-002129,región B,01/05/2018
AFG-002804,región F,06/01/2018
AFG-001533,región A,06/01/2018
AFG-000939,región B,06/01/2018
AFG-002707,región E,07/01/2018
AFG-001778,región A,07/01/2018
7,enero,07/01/2018
AFG-003080,región C,08/01/2018
AFG-002935,región E,08/01/2018
8,enero,08/01/2018
AFG-002858,región A,09/01/2018
AFG-002699,región C,09/01/2018
9,enero,09/01/2018
AFG-002976,región E,10/01/2018
AFG-001996,región F,01/10/2018
AFG-001442,región D,10/01/2018
AFG-002547,región D,01/11/2018
AFG-002267,región C,01/11/2018
AFG-001759,región B,11/01/2018
AFG-001740,región F,12/01/2018
12,enero,12/01/2018
12,enero,12/01/2018
AFG-003226,región B,13/01/2018
AFG-001452,región C,13/01/2018
AFG-001005,región F,13/01/2018
AFG-003134,región D,14/01/2018
AFG-003098,región C,14/01/2018
AFG-002180,región B,14/01/2018
AFG-003276,región F,15/01/2018
AFG-003052,región A,15/01/2018
AFG-001196,región B,15/01/2018
AFG-003219,región B,16/01/2018
AFG-001809,región E,16/01/2018
AFG-001446,región D,16/01/2018
AFG-003213,región F,17/01/2018
AFG-002826,región D,17/01/2018
AFG-001904,región A,17/01/2018
AFG-002529,región D,18/01/2018
AFG-002082,región B,18/01/2018
18,enero,18/01/2018
AFG-002491,región D,19/01/2018
19,enero,19/01/2018
19,enero,19/01/2018
AFG-002820,región F,20/01/2018
AFG-002320,región B,20/01/2018
20,enero,20/01/2018
AFG-003238,región C,21/01/2018
AFG-002778,región F,21/01/2018
AFG-001266,región A,21/01/2018
AFG-003160,región E,22/01/2018
AFG-002074,región D,22/01/2018
22,enero,22/01/2018
AFG-001899,región B,23/01/2018
AFG-001427,región A,23/01/2018
23,enero,23/01/2018
AFG-003069,región A,24/01/2018
AFG-002153,región C,24/01/2018
24,enero,24/01/2018
AFG-002585,región D,25/01/2018
AFG-001834,región C,25/01/2018
AFG-001395,región E,25/01/2018
AFG-002046,región A,26/01/2018
AFG-001239,región F,26/01/2018
26,enero,26/01/2018
AFG-003289,región B,27/01/2018
AFG-002398,región A,27/01/2018
AFG-001917,región D,27/01/2018
AFG-002668,región B,28/01/2018
AFG-002608,región C,28/01/2018
AFG-002574,región D,28/01/2018
AFG-001920,región E,29/01/2018
AFG-001717,región F,29/01/2018
29,enero,29/01/2018
AFG-003165,región F,30/01/2018
30,enero,30/01/2018
30,enero,30/01/2018
AFG-002808,región C,31/01/2018
AFG-002101,región B,31/01/2018
AFG-001350,región A,31/01/2018
AFG-001645,región A,01/02/2018
AFG-001414,región F,01/02/2018
1,febrero,01/02/2018
AFG-003278,región D,02/02/2018
AFG-001545,región E,02/02/2018
2,febrero,02/02/2018
AFG-002685,región F,03/02/2018
AFG-001990,región D,02/03/2018
3,febrero,03/02/2018
AFG-002292,región E,02/04/2018
AFG-001013,región D,04/02/2018
4,febrero,04/02/2018
AFG-002358,región C,02/05/2018
AFG-001507,región B,05/02/2018
5,febrero,05/02/2018
AFG-002670,región F,06/02/2018
AFG-001111,región C,06/02/2018
6,febrero,06/02/2018
AFG-003141,región B,07/02/2018
AFG-002577,región C,02/07/2018
7,febrero,07/02/2018
AFG-002277,región F,02/08/2018
AFG-001435,región A,08/02/2018
8,febrero,08/02/2018
AFG-002843,región D,09/02/2018
AFG-002004,región E,02/09/2018
9,febrero,09/02/2018
AFG-002955,región A,10/02/2018
AFG-002881,región B,10/02/2018
AFG-002290,región D,02/10/2018
AFG-003151,región B,11/02/2018
AFG-001909,región A,02/11/2018
11,febrero,11/02/2018
AFG-002792,región F,12/02/2018
AFG-001935,región E,02/12/2018
AFG-001539,región A,12/02/2018
AFG-002911,región A,13/02/2018
AFG-002461,región F,13/02/2018
AFG-001608,región B,13/02/2018
AFG-002047,región B,14/02/2018
14,febrero,14/02/2018
14,febrero,14/02/2018
AFG-003106,región F,15/02/2018
AFG-002645,región C,15/02/2018
15,febrero,15/02/2018
AFG-002630,región B,16/02/2018
AFG-002314,región E,16/02/2018
16,febrero,16/02/2018
17,febrero,17/02/2018
17,febrero,17/02/2018
17,febrero,17/02/2018
AFG-002354,región A,18/02/2018
AFG-001933,región F,18/02/2018
AFG-001691,región E,18/02/2018
AFG-002581,región D,19/02/2018
AFG-001701,región F,19/02/2018
AFG-001235,región C,19/02/2018
AFG-002023,región A,20/02/2018
AFG-000968,región E,20/02/2018
20,febrero,20/02/2018
AFG-002128,región E,21/02/2018
AFG-002013,región B,21/02/2018
AFG-000935,región A,21/02/2018
AFG-002723,región B,22/02/2018
22,febrero,22/02/2018
22,febrero,22/02/2018
23,febrero,23/02/2018
23,febrero,23/02/2018
23,febrero,23/02/2018
AFG-003267,región A,24/02/2018
AFG-002680,región C,24/02/2018
24,febrero,24/02/2018
AFG-002192,región E,25/02/2018
AFG-001828,región D,25/02/2018
25,febrero,25/02/2018
AFG-002131,región E,26/02/2018
AFG-001277,región C,26/02/2018
26,febrero,26/02/2018
AFG-002247,región C,27/02/2018
AFG-002014,región B,27/02/2018
AFG-001323,región D,27/02/2018
AFG-003255,región F,28/02/2018
AFG-001587,región D,28/02/2018
28,febrero,28/02/2018
AFG-003193,región C,01/03/2018
AFG-003085,región F,01/03/2018
1,marzo,01/03/2018
AFG-002665,región D,02/03/2018
AFG-001611,región C,02/03/2018
2,marzo,02/03/2018
AFG-002906,región B,03/03/2018
AFG-002331,región D,03/03/2018
3,marzo,03/03/2018
AFG-001930,región E,03/04/2018
AFG-001603,región C,04/03/2018
4,marzo,04/03/2018
AFG-001799,región A,05/03/2018
AFG-001524,región D,05/03/2018
5,marzo,05/03/2018
AFG-001498,región B,06/03/2018
6,marzo,06/03/2018
6,marzo,06/03/2018
AFG-002771,región E,07/03/2018
AFG-002432,región A,03/07/2018
AFG-001992,región D,03/07/2018
AFG-003146,región D,08/03/2018
8,marzo,08/03/2018
8,marzo,08/03/2018
AFG-002348,región E,03/09/2018
AFG-001663,región F,09/03/2018
9,marzo,09/03/2018
AFG-002671,región C,10/03/2018
AFG-001375,región F,10/03/2018
10,marzo,10/03/2018
AFG-002388,región A,03/11/2018
AFG-001685,región F,11/03/2018
11,marzo,11/03/2018
AFG-001753,región C,12/03/2018
AFG-001476,región E,12/03/2018
12,marzo,12/03/2018
AFG-003243,región D,13/03/2018
AFG-001958,región E,13/03/2018
AFG-001921,región C,13/03/2018
AFG-002676,región C,14/03/2018
AFG-000984,región D,14/03/2018
14,marzo,14/03/2018
AFG-002219,región E,15/03/2018
AFG-001208,región A,15/03/2018
15,marzo,15/03/2018
AFG-001616,región E,16/03/2018
AFG-001249,región F,16/03/2018
AFG-001125,región A,16/03/2018
AFG-002284,región F,17/03/2018
AFG-001882,región E,17/03/2018
17,marzo,17/03/2018
AFG-003145,región B,18/03/2018
AFG-002476,región F,18/03/2018
18,marzo,18/03/2018
AFG-002910,región F,19/03/2018
AFG-001143,región D,19/03/2018
19,marzo,19/03/2018
AFG-003262,región C,20/03/2018
AFG-002357,región B,20/03/2018
20,marzo,20/03/2018
AFG-002413,región F,21/03/2018
AFG-001811,región E,21/03/2018
21,marzo,21/03/2018
AFG-001825,región F,22/03/2018
AFG-001569,región C,22/03/2018
AFG-001419,región A,22/03/2018
AFG-002902,región E,23/03/2018
AFG-001689,región F,23/03/2018
23,marzo,23/03/2018
AFG-002370,región C,24/03/2018
24,marzo,24/03/2018
24,marzo,24/03/2018
AFG-003148,región F,25/03/2018
AFG-002514,región A,25/03/2018
25,marzo,25/03/2018
AFG-002043,región E,26/03/2018
AFG-001795,región B,26/03/2018
26,marzo,26/03/2018
AFG-001633,región F,27/03/2018
AFG-001192,región A,27/03/2018
27,marzo,27/03/2018
AFG-002578,región D,28/03/2018
AFG-001846,región A,28/03/2018
AFG-001546,región B,28/03/2018
AFG-001482,región A,29/03/2018
AFG-001132,región B,29/03/2018
29,marzo,29/03/2018
AFG-002664,región B,30/03/2018
30,marzo,30/03/2018
30,marzo,30/03/2018
AFG-002929,región A,31/03/2018
AFG-002800,región F,31/03/2018
31,marzo,31/03/2018
AFG-003128,región B,01/04/2018
1,abril,01/04/2018
1,abril,01/04/2018
AFG-002644,región A,02/04/2018
AFG-001819,región F,02/04/2018
AFG-001248,región D,02/04/2018
AFG-002869,región D,03/04/2018
AFG-002540,región A,04/03/2018
3,abril,03/04/2018
AFG-001784,región D,04/04/2018
AFG-001307,región A,04/04/2018
AFG-001179,región E,04/04/2018
AFG-002675,región A,05/04/2018
AFG-001599,región D,05/04/2018
AFG-001580,región C,05/04/2018
AFG-002049,región B,04/06/2018
AFG-001060,región E,06/04/2018
6,abril,06/04/2018
AFG-003014,región B,07/04/2018
AFG-002950,región E,07/04/2018
AFG-001966,región F,04/07/2018
AFG-001301,región D,08/04/2018
AFG-001197,región C,08/04/2018
8,abril,08/04/2018
AFG-002494,región E,04/09/2018
AFG-001814,región D,09/04/2018
9,abril,09/04/2018
AFG-003023,región F,10/04/2018
AFG-002140,región D,04/10/2018
10,abril,10/04/2018
AFG-001757,región B,11/04/2018
AFG-001056,región C,11/04/2018
11,abril,11/04/2018
AFG-001880,región B,04/12/2018
AFG-001381,región A,12/04/2018
12,abril,12/04/2018
AFG-002493,región D,13/04/2018
13,abril,13/04/2018
13,abril,13/04/2018
AFG-002423,región E,14/04/2018
AFG-001578,región B,14/04/2018
14,abril,14/04/2018
AFG-003066,región F,15/04/2018
AFG-002414,región B,15/04/2018
AFG-000940,región C,15/04/2018
AFG-002684,región A,16/04/2018
AFG-001556,región B,16/04/2018
16,abril,16/04/2018
AFG-001423,región E,17/04/2018
AFG-001321,región F,17/04/2018
17,abril,17/04/2018
AFG-002959,región E,18/04/2018
18,abril,18/04/2018
18,abril,18/04/2018
AFG-003306,región A,19/04/2018
AFG-002853,región E,19/04/2018
19,abril,19/04/2018
AFG-003173,región B,20/04/2018
AFG-002285,región E,20/04/2018
20,abril,20/04/2018
AFG-001627,región E,21/04/2018
AFG-001185,región F,21/04/2018
21,abril,21/04/2018
AFG-001726,región F,22/04/2018
AFG-000990,región A,22/04/2018
22,abril,22/04/2018
AFG-002301,región C,23/04/2018
23,abril,23/04/2018
23,abril,23/04/2018
AFG-002434,región A,24/04/2018
AFG-002143,región D,24/04/2018
24,abril,24/04/2018
AFG-002759,región E,25/04/2018
AFG-001299,región A,25/04/2018
AFG-001187,región F,25/04/2018
AFG-002975,región B,26/04/2018
AFG-001206,región C,26/04/2018
AFG-001142,región D,26/04/2018
AFG-002382,región B,27/04/2018
AFG-001977,región C,27/04/2018
27,abril,27/04/2018
28,abril,28/04/2018
28,abril,28/04/2018
28,abril,28/04/2018
AFG-002252,región B,29/04/2018
AFG-002152,región D,29/04/2018
AFG-001496,región A,29/04/2018
AFG-001617,región E,30/04/2018
AFG-001429,región F,30/04/2018
30,abril,30/04/2018
AFG-001629,región B,01/05/2018
AFG-001150,región E,01/05/2018
1,mayo,01/05/2018
AFG-001468,región E,02/05/2018
AFG-001373,región B,02/05/2018
2,mayo,02/05/2018
AFG-002652,región C,03/05/2018
AFG-001102,región D,03/05/2018
AFG-001086,región F,03/05/2018
AFG-001391,región E,04/05/2018
AFG-001219,región F,04/05/2018
AFG-001154,región C,04/05/2018
AFG-001061,región B,05/05/2018
5,mayo,05/05/2018
5,mayo,05/05/2018
AFG-001374,región F,06/05/2018
6,mayo,06/05/2018
6,mayo,06/05/2018
AFG-001679,región B,07/05/2018
AFG-001081,región A,07/05/2018
7,mayo,07/05/2018
AFG-001957,región E,05/08/2018
AFG-001183,región F,08/05/2018
8,mayo,08/05/2018
AFG-001501,región B,09/05/2018
AFG-001464,región E,09/05/2018
AFG-001283,región A,09/05/2018
AFG-002758,región E,10/05/2018
AFG-002457,región B,05/10/2018
AFG-001735,región F,10/05/2018
AFG-002835,región C,11/05/2018
AFG-001379,región A,11/05/2018
11,mayo,11/05/2018
AFG-003242,región C,12/05/2018
AFG-002720,región F,12/05/2018
12,mayo,12/05/2018
AFG-001469,región D,13/05/2018
AFG-001171,región E,13/05/2018
13,mayo,13/05/2018
AFG-002339,región B,14/05/2018
AFG-001550,región E,14/05/2018
14,mayo,14/05/2018
AFG-003094,región E,15/05/2018
AFG-002789,región F,15/05/2018
AFG-002360,región A,15/05/2018
AFG-002866,región C,16/05/2018
AFG-002109,región D,16/05/2018
AFG-000945,región A,16/05/2018
AFG-002768,región E,17/05/2018
AFG-001004,región F,17/05/2018
17,mayo,17/05/2018
AFG-003035,región C,18/05/2018
AFG-002489,región E,18/05/2018
18,mayo,18/05/2018
AFG-003299,región D,19/05/2018
AFG-002410,región F,19/05/2018
19,mayo,19/05/2018
AFG-001697,región C,20/05/2018
AFG-001159,región E,20/05/2018
20,mayo,20/05/2018
AFG-003036,región A,21/05/2018
AFG-001780,región F,21/05/2018
21,mayo,21/05/2018
AFG-002727,región C,22/05/2018
AFG-002692,región A,22/05/2018
22,mayo,22/05/2018
AFG-002134,región D,23/05/2018
AFG-001969,región C,23/05/2018
AFG-001297,región E,23/05/2018
AFG-003152,región B,24/05/2018
24,mayo,24/05/2018
24,mayo,24/05/2018
AFG-003108,región A,25/05/2018
AFG-002972,región F,25/05/2018
AFG-001221,región E,25/05/2018
AFG-002734,región E,26/05/2018
AFG-002663,región C,26/05/2018
AFG-000934,región B,26/05/2018
AFG-002484,región B,27/05/2018
AFG-002227,región D,27/05/2018
AFG-001671,región E,27/05/2018
AFG-002735,región E,28/05/2018
AFG-001342,región B,28/05/2018
28,mayo,28/05/2018
AFG-001979,región B,29/05/2018
AFG-001742,región C,29/05/2018
29,mayo,29/05/2018
AFG-003254,región B,30/05/2018
AFG-001450,región E,30/05/2018
30,mayo,30/05/2018
AFG-002859,región F,31/05/2018
AFG-002660,región B,31/05/2018
AFG-002326,región C,31/05/2018
AFG-003090,región D,01/06/2018
AFG-002422,región A,06/01/2018
AFG-001864,región E,01/06/2018
AFG-001883,región D,06/02/2018
AFG-001765,región C,02/06/2018
AFG-001074,región A,02/06/2018
AFG-003125,región C,03/06/2018
AFG-001764,región A,03/06/2018
AFG-001163,región B,03/06/2018
AFG-003258,región A,04/06/2018
AFG-003188,región B,04/06/2018
AFG-002697,región E,04/06/2018
AFG-002220,región B,06/05/2018
AFG-000954,región C,05/06/2018
5,junio,05/06/2018
AFG-001119,región A,06/06/2018
AFG-000964,región B,06/06/2018
6,junio,06/06/2018
AFG-003079,región D,07/06/2018
AFG-001606,región F,07/06/2018
AFG-001106,región A,07/06/2018
AFG-002375,región B,06/08/2018
AFG-000933,región F,08/06/2018
8,junio,08/06/2018
AFG-003046,región F,09/06/2018
AFG-001479,región B,09/06/2018
AFG-001039,región A,09/06/2018
AFG-001669,región A,10/06/2018
AFG-001189,región B,10/06/2018
AFG-000967,región C,10/06/2018
AFG-002102,región F,06/11/2018
AFG-001950,región C,06/11/2018
11,junio,11/06/2018
AFG-002590,región B,06/12/2018
AFG-001519,región F,12/06/2018
12,junio,12/06/2018
AFG-002231,región A,13/06/2018
AFG-001415,región C,13/06/2018
AFG-001300,región B,13/06/2018
AFG-003121,región F,14/06/2018
AFG-002921,región E,14/06/2018
14,junio,14/06/2018
AFG-002463,región A,15/06/2018
15,junio,15/06/2018
15,junio,15/06/2018
AFG-003168,región C,16/06/2018
AFG-002677,región E,16/06/2018
16,junio,16/06/2018
AFG-001396,región A,17/06/2018
17,junio,17/06/2018
17,junio,17/06/2018
AFG-001572,región A,18/06/2018
AFG-001035,región C,18/06/2018
18,junio,18/06/2018
AFG-003109,región F,19/06/2018
AFG-001630,región D,19/06/2018
19,junio,19/06/2018
AFG-003149,región B,20/06/2018
AFG-001965,región F,20/06/2018
20,junio,20/06/2018
AFG-002572,región C,21/06/2018
AFG-002371,región E,21/06/2018
21,junio,21/06/2018
AFG-002095,región A,22/06/2018
AFG-001752,región B,22/06/2018
22,junio,22/06/2018
AFG-002986,región A,23/06/2018
23,junio,23/06/2018
23,junio,23/06/2018
AFG-003000,región F,24/06/2018
AFG-002347,región A,24/06/2018
AFG-001444,región E,24/06/2018
AFG-001497,región E,25/06/2018
25,junio,25/06/2018
25,junio,25/06/2018
AFG-003056,región D,26/06/2018
AFG-002639,región C,26/06/2018
AFG-001046,región B,26/06/2018
AFG-002595,región A,27/06/2018
AFG-002361,región C,27/06/2018
AFG-001739,región F,27/06/2018
AFG-002788,región D,28/06/2018
AFG-001961,región B,28/06/2018
AFG-001370,región C,28/06/2018
AFG-003103,región D,29/06/2018
AFG-002618,región E,29/06/2018
AFG-002051,región A,29/06/2018
AFG-002718,región D,30/06/2018
30,junio,30/06/2018
30,junio,30/06/2018
AFG-002567,región B,07/01/2018
AFG-002472,región F,07/01/2018
AFG-002255,región E,07/01/2018
AFG-002605,región A,07/02/2018
2,julio,02/07/2018
2,julio,02/07/2018
AFG-002564,región A,07/03/2018
AFG-001596,región F,03/07/2018
3,julio,03/07/2018
AFG-003230,región C,04/07/2018
AFG-002559,región F,07/04/2018
4,julio,04/07/2018
AFG-001962,región B,07/05/2018
AFG-001762,región C,05/07/2018
5,julio,05/07/2018
AFG-002027,región D,07/06/2018
AFG-000982,región F,06/07/2018
6,julio,06/07/2018
AFG-001942,región C,07/07/2018
AFG-001214,región B,07/07/2018
7,julio,07/07/2018
AFG-002306,región E,07/08/2018
AFG-002106,región B,07/08/2018
8,julio,08/07/2018
9,julio,09/07/2018
9,julio,09/07/2018
9,julio,09/07/2018
10,julio,10/07/2018
10,julio,10/07/2018
10,julio,10/07/2018
AFG-003158,región A,11/07/2018
AFG-003059,región B,11/07/2018
AFG-002475,región F,07/11/2018
AFG-002767,región D,12/07/2018
12,julio,12/07/2018
12,julio,12/07/2018
AFG-001460,región D,13/07/2018
AFG-000983,región B,13/07/2018
13,julio,13/07/2018
AFG-002880,región F,14/07/2018
AFG-001734,región E,14/07/2018
14,julio,14/07/2018
AFG-003083,región B,15/07/2018
15,julio,15/07/2018
15,julio,15/07/2018
AFG-002753,región D,16/07/2018
AFG-001522,región E,16/07/2018
AFG-001087,región F,16/07/2018
AFG-001903,región E,17/07/2018
AFG-001869,región A,17/07/2018
AFG-001338,región D,17/07/2018
AFG-003301,región A,18/07/2018
AFG-002973,región C,18/07/2018
AFG-001562,región B,18/07/2018
AFG-001568,región C,19/07/2018
AFG-001515,región E,19/07/2018
19,julio,19/07/2018
AFG-002412,región F,20/07/2018
AFG-002053,región D,20/07/2018
AFG-001093,región E,20/07/2018
AFG-002855,región A,21/07/2018
21,julio,21/07/2018
21,julio,21/07/2018
AFG-002747,región B,22/07/2018
AFG-002695,región A,22/07/2018
22,julio,22/07/2018
AFG-003001,región D,23/07/2018
AFG-001848,región C,23/07/2018
AFG-001641,región B,23/07/2018
AFG-003189,región A,24/07/2018
AFG-001583,región F,24/07/2018
AFG-001426,región D,24/07/2018
AFG-003181,región F,25/07/2018
AFG-003169,región A,25/07/2018
AFG-001771,región B,25/07/2018
AFG-002904,región D,26/07/2018
26,julio,26/07/2018
26,julio,26/07/2018
AFG-001544,región A,27/07/2018
27,julio,27/07/2018
27,julio,27/07/2018
AFG-000998,región A,28/07/2018
28,julio,28/07/2018
28,julio,28/07/2018
AFG-002389,región B,29/07/2018
AFG-001724,región A,29/07/2018
29,julio,29/07/2018
AFG-002924,región F,30/07/2018
AFG-001481,región A,30/07/2018
AFG-001317,región B,30/07/2018
AFG-003260,región A,31/07/2018
AFG-002588,región F,31/07/2018
AFG-002300,región D,31/07/2018
AFG-002647,región E,01/08/2018
AFG-002356,región B,08/01/2018
AFG-002115,región D,08/01/2018
AFG-002655,región B,02/08/2018
AFG-002562,región C,08/02/2018
AFG-000957,región F,02/08/2018
AFG-002548,región C,08/03/2018
3,agosto,03/08/2018
3,agosto,03/08/2018
AFG-002901,región D,04/08/2018
AFG-002322,región A,08/04/2018
AFG-001634,región B,04/08/2018
AFG-003073,región D,05/08/2018
AFG-002554,región A,08/05/2018
AFG-001264,región F,05/08/2018
AFG-002486,región F,08/06/2018
AFG-001267,región B,06/08/2018
AFG-001174,región E,06/08/2018
AFG-002080,región F,08/07/2018
AFG-001212,región D,07/08/2018
7,agosto,07/08/2018
AFG-002862,región B,08/08/2018
8,agosto,08/08/2018
8,agosto,08/08/2018
AFG-002178,región A,08/09/2018
AFG-001975,región B,08/09/2018
AFG-001639,región F,09/08/2018
AFG-003284,región C,10/08/2018
AFG-003051,región E,10/08/2018
10,agosto,10/08/2018
AFG-002830,región B,11/08/2018
AFG-002144,región D,08/11/2018
AFG-001858,región E,11/08/2018
AFG-002366,región F,08/12/2018
AFG-002338,región C,08/12/2018
12,agosto,12/08/2018
AFG-001031,región E,13/08/2018
AFG-001016,región F,13/08/2018
13,agosto,13/08/2018
AFG-003114,región B,14/08/2018
AFG-002996,región C,14/08/2018
AFG-002065,región E,14/08/2018
AFG-003172,región A,15/08/2018
AFG-002925,región C,15/08/2018
AFG-002598,región B,15/08/2018
AFG-001536,región B,16/08/2018
AFG-001449,región C,16/08/2018
16,agosto,16/08/2018
AFG-003002,región F,17/08/2018
AFG-002829,región E,17/08/2018
AFG-002575,región C,17/08/2018
AFG-002819,región D,18/08/2018
AFG-001514,región C,18/08/2018
18,agosto,18/08/2018
AFG-003223,región D,19/08/2018
AFG-002909,región A,19/08/2018
19,agosto,19/08/2018
AFG-002203,región A,20/08/2018
AFG-002067,región D,20/08/2018
AFG-001554,región C,20/08/2018
21,agosto,21/08/2018
21,agosto,21/08/2018
21,agosto,21/08/2018
AFG-002490,región C,22/08/2018
AFG-001340,región E,22/08/2018
22,agosto,22/08/2018
AFG-002872,región C,23/08/2018
AFG-002757,región E,23/08/2018
AFG-001173,región D,23/08/2018
AFG-001850,región E,24/08/2018
AFG-001574,región A,24/08/2018
24,agosto,24/08/2018
AFG-002948,región B,25/08/2018
AFG-002147,región E,25/08/2018
AFG-001067,región A,25/08/2018
AFG-003264,región A,26/08/2018
AFG-002137,región F,26/08/2018
AFG-001888,región B,26/08/2018
AFG-002332,región F,27/08/2018
AFG-001127,región C,27/08/2018
27,agosto,27/08/2018
AFG-002509,región A,28/08/2018
AFG-001405,región B,28/08/2018
28,agosto,28/08/2018
29,agosto,29/08/2018
29,agosto,29/08/2018
29,agosto,29/08/2018
AFG-002604,región F,30/08/2018
AFG-001180,región D,30/08/2018
30,agosto,30/08/2018
AFG-002803,región C,31/08/2018
AFG-001184,región D,31/08/2018
31,agosto,31/08/2018
AFG-002233,región C,09/01/2018
AFG-001059,región F,01/09/2018
1,septiembre,01/09/2018
AFG-003216,región C,02/09/2018
AFG-002479,región A,09/02/2018
AFG-001929,región F,09/02/2018
AFG-003062,región C,03/09/2018
AFG-001517,región B,03/09/2018
3,septiembre,03/09/2018
AFG-002722,región E,04/09/2018
4,septiembre,04/09/2018
4,septiembre,04/09/2018
AFG-003234,región D,05/09/2018
AFG-002914,región B,05/09/2018
AFG-002555,región E,09/05/2018
AFG-002795,región A,06/09/2018
AFG-002428,región E,09/06/2018
AFG-001783,región D,06/09/2018
AFG-002085,región E,09/07/2018
AFG-001351,región A,07/09/2018
7,septiembre,07/09/2018
AFG-002450,región E,09/08/2018
AFG-001925,región D,09/08/2018
8,septiembre,08/09/2018
AFG-002589,región A,09/09/2018
AFG-002568,región F,09/09/2018
9,septiembre,09/09/2018
AFG-002570,región D,09/10/2018
AFG-002146,región A,09/10/2018
10,septiembre,10/09/2018
AFG-001551,región F,11/09/2018
11,septiembre,11/09/2018
11,septiembre,11/09/2018
AFG-003068,región E,12/09/2018
AFG-002459,región F,09/12/2018
12,septiembre,12/09/2018
AFG-002241,región C,13/09/2018
AFG-001902,región D,13/09/2018
13,septiembre,13/09/2018
AFG-002740,región E,14/09/2018
14,septiembre,14/09/2018
14,septiembre,14/09/2018
15,septiembre,15/09/2018
15,septiembre,15/09/2018
15,septiembre,15/09/2018
AFG-003287,región C,16/09/2018
AFG-002477,región A,16/09/2018
AFG-001149,región D,16/09/2018
AFG-001018,región B,17/09/2018
17,septiembre,17/09/2018
17,septiembre,17/09/2018
AFG-002898,región F,18/09/2018
AFG-002696,región C,18/09/2018
18,septiembre,18/09/2018
AFG-001813,región E,19/09/2018
AFG-001384,región B,19/09/2018
19,septiembre,19/09/2018
AFG-003236,región C,20/09/2018
AFG-002941,región B,20/09/2018
AFG-002775,región A,20/09/2018
AFG-003269,región B,21/09/2018
AFG-002138,región A,21/09/2018
AFG-002040,región C,21/09/2018
AFG-001836,región D,22/09/2018
AFG-001758,región C,22/09/2018
AFG-001069,región E,22/09/2018
AFG-002104,región C,23/09/2018
23,septiembre,23/09/2018
23,septiembre,23/09/2018
AFG-003123,región E,24/09/2018
AFG-002511,región F,24/09/2018
AFG-002334,región A,24/09/2018
AFG-003078,región A,25/09/2018
AFG-001417,región F,25/09/2018
25,septiembre,25/09/2018
AFG-002984,región B,26/09/2018
AFG-002256,región A,26/09/2018
AFG-001681,región D,26/09/2018
AFG-001314,región F,27/09/2018
27,septiembre,27/09/2018
27,septiembre,27/09/2018
AFG-002516,región D,28/09/2018
AFG-001165,región A,28/09/2018
28,septiembre,28/09/2018
AFG-002764,región E,29/09/2018
AFG-002501,región A,29/09/2018
AFG-001272,región D,29/09/2018
AFG-001472,región E,30/09/2018
AFG-000951,región D,30/09/2018
30,septiembre,30/09/2018
AFG-003204,región D,01/10/2018
AFG-001152,región A,01/10/2018
1,octubre,01/10/2018
AFG-003221,región C,02/10/2018
AFG-003061,región B,02/10/2018
2,octubre,02/10/2018
AFG-003183,región A,03/10/2018
AFG-002399,región E,10/03/2018
AFG-001986,región F,10/03/2018
AFG-001333,región C,04/10/2018
AFG-001167,región D,04/10/2018
4,octubre,04/10/2018
AFG-003050,región F,05/10/2018
AFG-002586,región C,10/05/2018
AFG-002565,región E,10/05/2018
AFG-002385,región E,10/06/2018
AFG-000978,región A,06/10/2018
6,octubre,06/10/2018
AFG-003247,región E,07/10/2018
AFG-002927,región F,07/10/2018
7,octubre,07/10/2018
AFG-002159,región E,10/08/2018
AFG-001984,región D,10/08/2018
AFG-001835,región F,08/10/2018
AFG-002467,región E,10/09/2018
AFG-001777,región A,09/10/2018
9,octubre,09/10/2018
AFG-002681,región D,10/10/2018
AFG-002638,región B,10/10/2018
AFG-002601,región C,10/10/2018
AFG-003195,región D,11/10/2018
AFG-001749,región C,11/10/2018
AFG-001091,región B,11/10/2018
AFG-002907,región D,12/10/2018
AFG-002440,región B,10/12/2018
AFG-001227,región C,12/10/2018
AFG-001349,región A,13/10/2018
AFG-001011,región F,13/10/2018
13,octubre,13/10/2018
AFG-002962,región D,14/10/2018
AFG-001047,región C,14/10/2018
14,octubre,14/10/2018
AFG-002239,región E,15/10/2018
AFG-001927,región A,15/10/2018
AFG-001653,región F,15/10/2018
AFG-003253,región F,16/10/2018
AFG-003225,región A,16/10/2018
16,octubre,16/10/2018
AFG-002690,región C,17/10/2018
AFG-001852,región B,17/10/2018
AFG-001238,región A,17/10/2018
AFG-002088,región B,18/10/2018
18,octubre,18/10/2018
18,octubre,18/10/2018
AFG-002390,región C,19/10/2018
19,octubre,19/10/2018
19,octubre,19/10/2018
AFG-003256,región F,20/10/2018
AFG-002854,región B,20/10/2018
20,octubre,20/10/2018
AFG-003037,región A,21/10/2018
AFG-001722,región C,21/10/2018
21,octubre,21/10/2018
AFG-003028,región C,22/10/2018
AFG-001772,región E,22/10/2018
AFG-001063,región D,22/10/2018
AFG-002982,región F,23/10/2018
AFG-002404,región B,23/10/2018
23,octubre,23/10/2018
AFG-002916,región A,24/10/2018
AFG-002773,región F,24/10/2018
AFG-001311,región B,24/10/2018
AFG-002136,región A,25/10/2018
AFG-001637,región B,25/10/2018
25,octubre,25/10/2018
AFG-002865,región E,26/10/2018
AFG-002189,región A,26/10/2018
26,octubre,26/10/2018
AFG-003273,región E,27/10/2018
AFG-003067,región B,27/10/2018
AFG-002615,región D,27/10/2018
AFG-002745,región B,28/10/2018
AFG-001651,región A,28/10/2018
28,octubre,28/10/2018
AFG-002672,región A,29/10/2018
AFG-001894,región D,29/10/2018
29,octubre,29/10/2018
AFG-001648,región A,30/10/2018
AFG-001602,región F,30/10/2018
30,octubre,30/10/2018
AFG-001732,región F,31/10/2018
31,octubre,31/10/2018
31,octubre,31/10/2018
AFG-002237,región A,11/01/2018
AFG-001887,región B,11/01/2018
1,noviembre,01/11/2018
AFG-002761,región B,02/11/2018
AFG-002184,región A,11/02/2018
AFG-001164,región C,02/11/2018
AFG-002903,región A,03/11/2018
AFG-001768,región D,03/11/2018
AFG-001290,región F,03/11/2018
AFG-001622,región A,04/11/2018
AFG-001332,región F,04/11/2018
AFG-001268,región E,04/11/2018
AFG-001118,región C,05/11/2018
5,noviembre,05/11/2018
5,noviembre,05/11/2018
AFG-002623,región E,06/11/2018
AFG-001709,región C,06/11/2018
6,noviembre,06/11/2018
AFG-002155,región E,11/07/2018
AFG-001610,región A,07/11/2018
7,noviembre,07/11/2018
AFG-002811,región C,08/11/2018
AFG-002746,región A,08/11/2018
8,noviembre,08/11/2018
AFG-002732,región B,09/11/2018
AFG-002474,región A,11/09/2018
AFG-001021,región C,09/11/2018
AFG-002626,región C,10/11/2018
AFG-002282,región D,11/10/2018
10,noviembre,10/11/2018
AFG-003039,región F,11/11/2018
AFG-002752,región D,11/11/2018
AFG-002149,región E,11/11/2018
AFG-003302,región C,12/11/2018
AFG-001055,región B,12/11/2018
12,noviembre,12/11/2018
13,noviembre,13/11/2018
13,noviembre,13/11/2018
13,noviembre,13/11/2018
AFG-001993,región E,14/11/2018
AFG-001781,región D,14/11/2018
14,noviembre,14/11/2018
AFG-002349,región C,15/11/2018
AFG-002271,región B,15/11/2018
AFG-001889,región F,15/11/2018
AFG-002951,región C,16/11/2018
AFG-002614,región B,16/11/2018
AFG-002573,región A,16/11/2018
AFG-003296,región A,17/11/2018
AFG-002937,región F,17/11/2018
AFG-001051,región B,17/11/2018
AFG-002367,región F,18/11/2018
18,noviembre,18/11/2018
18,noviembre,18/11/2018
AFG-002226,región B,19/11/2018
AFG-001815,región F,19/11/2018
19,noviembre,19/11/2018
AFG-002654,región E,20/11/2018
AFG-001436,región B,20/11/2018
20,noviembre,20/11/2018
AFG-001985,región D,21/11/2018
AFG-001341,región A,21/11/2018
21,noviembre,21/11/2018
AFG-002943,región C,22/11/2018
AFG-002089,región D,22/11/2018
22,noviembre,22/11/2018
AFG-002018,región F,23/11/2018
AFG-001738,región C,23/11/2018
23,noviembre,23/11/2018
AFG-002873,región F,24/11/2018
AFG-001978,región E,24/11/2018
AFG-001657,región D,24/11/2018
AFG-001403,región B,25/11/2018
25,noviembre,25/11/2018
25,noviembre,25/11/2018
AFG-001024,región A,26/11/2018
26,noviembre,26/11/2018
26,noviembre,26/11/2018
AFG-001344,región D,27/11/2018
AFG-001064,región F,27/11/2018
27,noviembre,27/11/2018
AFG-003215,región A,28/11/2018
AFG-001817,región E,28/11/2018
28,noviembre,28/11/2018
AFG-002651,región C,29/11/2018
29,noviembre,29/11/2018
29,noviembre,29/11/2018
AFG-001667,región E,30/11/2018
AFG-001148,región C,30/11/2018
30,noviembre,30/11/2018
AFG-002967,región A,01/12/2018
AFG-002117,región B,12/01/2018
AFG-001605,región C,01/12/2018
AFG-002876,región B,02/12/2018
2,diciembre,02/12/2018
2,diciembre,02/12/2018
AFG-002870,región F,03/12/2018
AFG-002001,región D,12/03/2018
AFG-000988,región E,03/12/2018
AFG-002552,región A,12/04/2018
AFG-002066,región B,12/04/2018
4,diciembre,04/12/2018
AFG-002496,región F,12/05/2018
AFG-002397,región B,12/05/2018
AFG-001355,región A,05/12/2018
AFG-002535,región A,12/06/2018
AFG-001953,región D,12/06/2018
AFG-001588,región F,06/12/2018
AFG-002961,región C,07/12/2018
AFG-001270,región D,07/12/2018
7,diciembre,07/12/2018
AFG-002770,región D,08/12/2018
AFG-001282,región B,08/12/2018
AFG-001062,región E,08/12/2018
AFG-001954,región D,12/09/2018
AFG-001107,región B,09/12/2018
9,diciembre,09/12/2018
AFG-003297,región A,10/12/2018
AFG-002688,región B,10/12/2018
AFG-001103,región F,10/12/2018
AFG-002542,región B,12/11/2018
AFG-001585,región C,11/12/2018
11,diciembre,11/12/2018
12,diciembre,12/12/2018
12,diciembre,12/12/2018
12,diciembre,12/12/2018
AFG-002602,región B,13/12/2018
AFG-000943,región F,13/12/2018
13,diciembre,13/12/2018
AFG-002481,región A,14/12/2018
AFG-001744,región B,14/12/2018
14,diciembre,14/12/2018
AFG-001520,región F,15/12/2018
AFG-001431,región E,15/12/2018
AFG-001367,región D,15/12/2018
AFG-002019,región C,16/12/2018
AFG-001346,región E,16/12/2018
16,diciembre,16/12/2018
AFG-002989,región C,17/12/2018
AFG-001320,región A,17/12/2018
17,diciembre,17/12/2018
AFG-002891,región E,18/12/2018
AFG-001797,región C,18/12/2018
18,diciembre,18/12/2018
AFG-002465,región E,19/12/2018
AFG-001471,región A,19/12/2018
19,diciembre,19/12/2018
AFG-003011,región D,20/12/2018
AFG-001489,región C,20/12/2018
AFG-000946,región E,20/12/2018
AFG-002031,región F,21/12/2018
AFG-001263,región D,21/12/2018
AFG-000997,región E,21/12/2018
AFG-002008,región E,22/12/2018
AFG-001654,región A,22/12/2018
22,diciembre,22/12/2018
AFG-002214,región F,23/12/2018
AFG-001741,región C,23/12/2018
23,diciembre,23/12/2018
AFG-001362,región F,24/12/2018
24,diciembre,24/12/2018
24,diciembre,24/12/2018
AFG-003124,región A,25/12/2018
AFG-002200,región D,25/12/2018
25,diciembre,25/12/2018
AFG-002251,región F,26/12/2018
AFG-001525,región E,26/12/2018
26,diciembre,26/12/2018
AFG-002033,región B,27/12/2018
27,diciembre,27/12/2018
27,diciembre,27/12/2018
AFG-003212,región C,28/12/2018
AFG-002309,región F,28/12/2018
28,diciembre,28/12/2018
AFG-002897,región F,29/12/2018
AFG-002717,región D,29/12/2018
29,diciembre,29/12/2018
AFG-002710,región C,30/12/2018
AFG-002024,región E,30/12/2018
30,diciembre,30/12/2018
AFG-001246,región B,31/12/2018
AFG-001126,región A,31/12/2018
31,diciembre,31/12/2018
AFG-002534,región B,01/01/2019
AFG-001705,región C,01/01/2019
1,enero,01/01/2019
AFG-002861,región E,02/01/2019
AFG-002561,región F,01/02/2019
2,enero,02/01/2019
AFG-002470,región B,01/03/2019
AFG-002211,región C,01/03/2019
3,enero,03/01/2019
AFG-003235,región D,04/01/2019
AFG-002867,región A,04/01/2019
AFG-001810,región C,04/01/2019
AFG-002814,región E,05/01/2019
5,enero,05/01/2019
5,enero,05/01/2019
AFG-002886,región E,06/01/2019
AFG-002833,región F,06/01/2019
AFG-002111,región D,01/06/2019
AFG-003027,región B,07/01/2019
AFG-001526,región F,07/01/2019
7,enero,07/01/2019
AFG-003198,región A,08/01/2019
AFG-003164,región C,08/01/2019
AFG-003032,región F,08/01/2019
AFG-001912,región A,01/09/2019
AFG-001547,región C,09/01/2019
9,enero,09/01/2019
AFG-003200,región C,10/01/2019
AFG-001516,región D,10/01/2019
AFG-001160,región A,10/01/2019
AFG-002607,región D,01/11/2019
AFG-001483,región E,11/01/2019
AFG-001204,región F,11/01/2019
AFG-002201,región E,01/12/2019
12,enero,12/01/2019
12,enero,12/01/2019
AFG-002923,región F,13/01/2019
AFG-002342,región E,13/01/2019
13,enero,13/01/2019
AFG-002571,región F,14/01/2019
AFG-001477,región C,14/01/2019
14,enero,14/01/2019
AFG-002522,región D,15/01/2019
AFG-001833,región F,15/01/2019
15,enero,15/01/2019
AFG-002703,región E,16/01/2019
AFG-000952,región D,16/01/2019
16,enero,16/01/2019
AFG-002224,región E,17/01/2019
AFG-001553,región F,17/01/2019
17,enero,17/01/2019
AFG-002679,región F,18/01/2019
AFG-001073,región B,18/01/2019
18,enero,18/01/2019
AFG-002724,región B,19/01/2019
AFG-002188,región D,19/01/2019
19,enero,19/01/2019
AFG-003174,región C,20/01/2019
AFG-001510,región D,20/01/2019
AFG-001295,región B,20/01/2019
AFG-002530,región E,21/01/2019
21,enero,21/01/2019
21,enero,21/01/2019
AFG-002742,región D,22/01/2019
AFG-001240,región C,22/01/2019
AFG-001138,región B,22/01/2019
AFG-001687,región C,23/01/2019
23,enero,23/01/2019
23,enero,23/01/2019
AFG-002164,región E,24/01/2019
AFG-002087,región C,24/01/2019
24,enero,24/01/2019
AFG-002081,región F,25/01/2019
AFG-001913,región D,25/01/2019
AFG-001736,región E,25/01/2019
AFG-003053,región E,26/01/2019
AFG-002243,región B,26/01/2019
AFG-001463,región D,26/01/2019
AFG-002304,región B,27/01/2019
AFG-001168,región F,27/01/2019
AFG-001141,región A,27/01/2019
AFG-002351,región E,28/01/2019
AFG-001113,región A,28/01/2019
28,enero,28/01/2019
AFG-002257,región B,29/01/2019
29,enero,29/01/2019
29,enero,29/01/2019
AFG-002168,región A,30/01/2019
30,enero,30/01/2019
30,enero,30/01/2019
AFG-003186,región A,31/01/2019
AFG-002550,región B,31/01/2019
31,enero,31/01/2019
AFG-002122,región B,02/01/2019
1,febrero,01/02/2019
1,febrero,01/02/2019
AFG-001398,región B,02/02/2019
AFG-001244,región A,02/02/2019
2,febrero,02/02/2019
AFG-002132,región D,02/03/2019
AFG-001826,región E,03/02/2019
3,febrero,03/02/2019
AFG-002523,región F,02/04/2019
AFG-002124,región B,02/04/2019
4,febrero,04/02/2019
AFG-003199,región A,05/02/2019
AFG-002213,región C,02/05/2019
AFG-001895,región D,02/05/2019
AFG-003163,región A,06/02/2019
AFG-002536,región D,02/06/2019
6,febrero,06/02/2019
AFG-001943,región F,02/07/2019
7,febrero,07/02/2019
7,febrero,07/02/2019
AFG-002113,región E,02/08/2019
AFG-002110,región F,02/08/2019
8,febrero,08/02/2019
AFG-003177,región C,09/02/2019
9,febrero,09/02/2019
9,febrero,09/02/2019
AFG-003019,región A,10/02/2019
AFG-001491,región F,10/02/2019
10,febrero,10/02/2019
AFG-003112,región F,11/02/2019
AFG-002341,región E,02/11/2019
AFG-001720,región B,11/02/2019
AFG-003113,región E,12/02/2019
AFG-003029,región D,12/02/2019
AFG-002825,región F,12/02/2019
AFG-002779,región A,13/02/2019
AFG-001186,región B,13/02/2019
13,febrero,13/02/2019
AFG-001924,región E,14/02/2019
AFG-001292,región F,14/02/2019
14,febrero,14/02/2019
AFG-002883,región B,15/02/2019
AFG-001843,región C,15/02/2019
AFG-001213,región E,15/02/2019
AFG-002055,región A,16/02/2019
AFG-001928,región C,16/02/2019
16,febrero,16/02/2019
AFG-002454,región C,17/02/2019
17,febrero,17/02/2019
17,febrero,17/02/2019
AFG-002436,región B,18/02/2019
AFG-001952,región C,18/02/2019
18,febrero,18/02/2019
AFG-001506,región D,19/02/2019
AFG-001050,región F,19/02/2019
19,febrero,19/02/2019
AFG-002641,región F,20/02/2019
AFG-001706,región E,20/02/2019
20,febrero,20/02/2019
AFG-003170,región B,21/02/2019
AFG-002485,región F,21/02/2019
21,febrero,21/02/2019
AFG-003244,región A,22/02/2019
AFG-002240,región B,22/02/2019
22,febrero,22/02/2019
AFG-003194,región B,23/02/2019
AFG-002539,región C,23/02/2019
AFG-001542,región F,23/02/2019
AFG-003102,región A,24/02/2019
AFG-002205,región D,24/02/2019
24,febrero,24/02/2019
AFG-003307,región E,25/02/2019
25,febrero,25/02/2019
25,febrero,25/02/2019
AFG-002796,región A,26/02/2019
AFG-001877,región F,26/02/2019
AFG-001801,región C,26/02/2019
AFG-002302,región E,27/02/2019
27,febrero,27/02/2019
27,febrero,27/02/2019
AFG-001334,región A,28/02/2019
28,febrero,28/02/2019
28,febrero,28/02/2019
AFG-001357,región B,01/03/2019
1,marzo,01/03/2019
1,marzo,01/03/2019
2,marzo,02/03/2019
2,marzo,02/03/2019
2,marzo,02/03/2019
AFG-003290,región F,03/03/2019
AFG-002125,región A,03/03/2019
AFG-001424,región E,03/03/2019
AFG-001604,región B,04/03/2019
4,marzo,04/03/2019
4,marzo,04/03/2019
AFG-003013,región E,05/03/2019
AFG-002325,región F,03/05/2019
AFG-001343,región B,05/03/2019
AFG-002700,región A,06/03/2019
AFG-002005,región C,03/06/2019
AFG-001015,región D,06/03/2019
AFG-002711,región F,07/03/2019
AFG-002260,región B,03/07/2019
AFG-000937,región E,07/03/2019
AFG-002022,región A,03/08/2019
AFG-001688,región E,08/03/2019
AFG-001053,región B,08/03/2019
AFG-002527,región C,03/09/2019
AFG-001854,región D,09/03/2019
9,marzo,09/03/2019
AFG-003279,región A,10/03/2019
AFG-002628,región F,10/03/2019
AFG-002242,región E,03/10/2019
AFG-001908,región A,03/11/2019
11,marzo,11/03/2019
11,marzo,11/03/2019
AFG-003004,región A,12/03/2019
AFG-002305,región E,03/12/2019
AFG-002179,región B,03/12/2019
AFG-002632,región C,13/03/2019
AFG-001785,región B,13/03/2019
AFG-001304,región A,13/03/2019
AFG-002416,región B,14/03/2019
AFG-002238,región F,14/03/2019
AFG-002170,región A,14/03/2019
AFG-003025,región D,15/03/2019
AFG-001207,región C,15/03/2019
15,marzo,15/03/2019
AFG-002193,región A,16/03/2019
AFG-002059,región C,16/03/2019
16,marzo,16/03/2019
AFG-001217,región B,17/03/2019
17,marzo,17/03/2019
17,marzo,17/03/2019
AFG-002294,región A,18/03/2019
AFG-001680,región F,18/03/2019
18,marzo,18/03/2019
AFG-002584,región A,19/03/2019
AFG-001566,región B,19/03/2019
AFG-001076,región F,19/03/2019
AFG-002056,región D,20/03/2019
AFG-001733,región E,20/03/2019
20,marzo,20/03/2019
AFG-001201,región D,21/03/2019
21,marzo,21/03/2019
21,marzo,21/03/2019
AFG-002039,región D,22/03/2019
AFG-001582,región B,22/03/2019
22,marzo,22/03/2019
AFG-002310,región A,23/03/2019
AFG-001591,región D,23/03/2019
AFG-001453,región C,23/03/2019
AFG-002650,región A,24/03/2019
AFG-001832,región D,24/03/2019
24,marzo,24/03/2019
AFG-003280,región A,25/03/2019
AFG-001308,región F,25/03/2019
AFG-001121,región C,25/03/2019
AFG-003071,región E,26/03/2019
AFG-002662,región C,26/03/2019
AFG-001408,región B,26/03/2019
AFG-002262,región D,27/03/2019
27,marzo,27/03/2019
27,marzo,27/03/2019
AFG-003136,región E,28/03/2019
AFG-001537,región A,28/03/2019
28,marzo,28/03/2019
AFG-003241,región F,29/03/2019
AFG-002333,región C,29/03/2019
AFG-001001,región E,29/03/2019
AFG-003054,región F,30/03/2019
AFG-002327,región A,30/03/2019
30,marzo,30/03/2019
AFG-003209,región C,31/03/2019
AFG-002438,región F,31/03/2019
31,marzo,31/03/2019
AFG-002970,región F,01/04/2019
AFG-002896,región E,01/04/2019
AFG-002827,región D,01/04/2019
AFG-001631,región D,02/04/2019
AFG-001105,región E,02/04/2019
2,abril,02/04/2019
AFG-002617,región D,03/04/2019
AFG-002265,región C,04/03/2019
3,abril,03/04/2019
AFG-002449,región F,04/04/2019
AFG-001947,región A,04/04/2019
AFG-001774,región B,04/04/2019
AFG-003240,región B,05/04/2019
AFG-001372,región C,05/04/2019
5,abril,05/04/2019
AFG-002656,región F,06/04/2019
6,abril,06/04/2019
6,abril,06/04/2019
AFG-002755,región F,07/04/2019
AFG-001632,región E,07/04/2019
AFG-001428,región A,07/04/2019
AFG-002330,región A,04/08/2019
AFG-002045,región F,04/08/2019
AFG-002030,región D,04/08/2019
AFG-002888,región D,09/04/2019
AFG-002478,región A,04/09/2019
9,abril,09/04/2019
AFG-002525,región A,04/10/2019
AFG-001529,región E,10/04/2019
AFG-001315,región F,10/04/2019
AFG-002038,región F,04/11/2019
AFG-001812,región E,11/04/2019
AFG-001037,región D,11/04/2019
AFG-003005,región C,12/04/2019
AFG-002749,región E,12/04/2019
12,abril,12/04/2019
AFG-002558,región C,13/04/2019
AFG-001440,región D,13/04/2019
AFG-001216,región F,13/04/2019
AFG-002512,región D,14/04/2019
14,abril,14/04/2019
14,abril,14/04/2019
AFG-002756,región D,15/04/2019
AFG-001702,región B,15/04/2019
15,abril,15/04/2019
AFG-002737,región E,16/04/2019
AFG-002060,región D,16/04/2019
16,abril,16/04/2019
AFG-002892,región A,17/04/2019
AFG-002086,región D,17/04/2019
17,abril,17/04/2019
AFG-002259,región D,18/04/2019
18,abril,18/04/2019
18,abril,18/04/2019
AFG-002765,región A,19/04/2019
AFG-001324,región B,19/04/2019
AFG-001040,región E,19/04/2019
AFG-002669,región E,20/04/2019
AFG-001670,región A,20/04/2019
AFG-001455,región F,20/04/2019
AFG-003185,región C,21/04/2019
AFG-003139,región A,21/04/2019
AFG-001535,región D,21/04/2019
AFG-002805,región D,22/04/2019
AFG-002495,región E,22/04/2019
22,abril,22/04/2019
AFG-003270,región E,23/04/2019
AFG-001387,región B,23/04/2019
23,abril,23/04/2019
AFG-002451,región B,24/04/2019
24,abril,24/04/2019
24,abril,24/04/2019
AFG-002154,región C,25/04/2019
AFG-001147,región B,25/04/2019
25,abril,25/04/2019
26,abril,26/04/2019
26,abril,26/04/2019
26,abril,26/04/2019
AFG-002971,región D,27/04/2019
27,abril,27/04/2019
27,abril,27/04/2019
AFG-003010,región A,28/04/2019
AFG-001911,región C,28/04/2019
28,abril,28/04/2019
AFG-002750,región E,29/04/2019
AFG-002063,región B,29/04/2019
29,abril,29/04/2019
AFG-002922,región B,30/04/2019
AFG-002037,región A,30/04/2019
30,abril,30/04/2019
AFG-002464,región B,05/01/2019
AFG-001541,región D,01/05/2019
1,mayo,01/05/2019
AFG-002492,región A,05/02/2019
AFG-002287,región D,05/02/2019
2,mayo,02/05/2019
AFG-002318,región C,05/03/2019
AFG-001222,región D,03/05/2019
3,mayo,03/05/2019
AFG-003107,región C,04/05/2019
AFG-001565,región E,04/05/2019
AFG-001254,región B,04/05/2019
AFG-001594,región D,05/05/2019
AFG-001575,región B,05/05/2019
AFG-000985,región C,05/05/2019
AFG-002283,región E,05/06/2019
6,mayo,06/05/2019
6,mayo,06/05/2019
AFG-003008,región E,07/05/2019
AFG-002856,región C,07/05/2019
AFG-002141,región D,05/07/2019
AFG-003012,región F,08/05/2019
AFG-001400,región A,08/05/2019
AFG-001048,región E,08/05/2019
9,mayo,09/05/2019
9,mayo,09/05/2019
9,mayo,09/05/2019
AFG-002860,región B,10/05/2019
AFG-002126,región C,05/10/2019
AFG-001690,región A,10/05/2019
AFG-002519,región C,05/11/2019
11,mayo,11/05/2019
11,mayo,11/05/2019
AFG-001543,región C,12/05/2019
AFG-001034,región F,12/05/2019
12,mayo,12/05/2019
AFG-003224,región B,13/05/2019
AFG-001203,región E,13/05/2019
13,mayo,13/05/2019
AFG-002642,región A,14/05/2019
AFG-002549,región F,14/05/2019
AFG-001361,región E,14/05/2019
AFG-002965,región B,15/05/2019
AFG-002832,región D,15/05/2019
AFG-001844,región E,15/05/2019
AFG-003166,región C,16/05/2019
AFG-003030,región F,16/05/2019
AFG-001172,región E,16/05/2019
AFG-002776,región B,17/05/2019
AFG-002739,región C,17/05/2019
AFG-001919,región F,17/05/2019
AFG-002708,región F,18/05/2019
AFG-001999,región E,18/05/2019
AFG-001313,región B,18/05/2019
AFG-002099,región E,19/05/2019
19,mayo,19/05/2019
19,mayo,19/05/2019
AFG-003303,región C,20/05/2019
AFG-002078,región F,20/05/2019
AFG-001655,región A,20/05/2019
AFG-002442,región C,21/05/2019
AFG-002315,región F,21/05/2019
AFG-002130,región D,21/05/2019
AFG-002760,región A,22/05/2019
AFG-002379,región D,22/05/2019
22,mayo,22/05/2019
AFG-003259,región B,23/05/2019
AFG-002940,región D,23/05/2019
AFG-002748,región C,23/05/2019
AFG-003044,región B,24/05/2019
24,mayo,24/05/2019
24,mayo,24/05/2019
AFG-002531,región F,25/05/2019
AFG-002521,región C,25/05/2019
AFG-002058,región A,25/05/2019
26,mayo,26/05/2019
26,mayo,26/05/2019
26,mayo,26/05/2019
AFG-002611,región A,27/05/2019
AFG-001385,región C,27/05/2019
27,mayo,27/05/2019
AFG-003197,región D,28/05/2019
AFG-002312,región A,28/05/2019
28,mayo,28/05/2019
AFG-002884,región D,29/05/2019
29,mayo,29/05/2019
29,mayo,29/05/2019
AFG-003041,región E,30/05/2019
30,mayo,30/05/2019
30,mayo,30/05/2019
AFG-002425,región A,31/05/2019
AFG-001650,región F,31/05/2019
AFG-001394,región C,31/05/2019
AFG-002894,región F,01/06/2019
AFG-002815,región A,01/06/2019
AFG-001791,región B,01/06/2019
AFG-002151,región E,06/02/2019
AFG-002135,región F,06/02/2019
AFG-002062,región B,06/02/2019
AFG-002969,región B,03/06/2019
AFG-001182,región E,03/06/2019
3,junio,03/06/2019
AFG-003210,región B,04/06/2019
AFG-001767,región C,04/06/2019
4,junio,04/06/2019
AFG-003282,región F,05/06/2019
5,junio,05/06/2019
5,junio,05/06/2019
AFG-003239,región A,06/06/2019
AFG-002992,región E,06/06/2019
AFG-001729,región D,06/06/2019
AFG-002269,región D,06/07/2019
AFG-001971,región E,06/07/2019
AFG-001276,región F,07/06/2019
AFG-002299,región A,06/08/2019
AFG-002293,región E,06/08/2019
AFG-001619,región D,08/06/2019
AFG-001700,región F,09/06/2019
AFG-001609,región C,09/06/2019
9,junio,09/06/2019
AFG-001905,región D,06/10/2019
AFG-001478,región E,10/06/2019
10,junio,10/06/2019
AFG-003162,región D,11/06/2019
AFG-002270,región A,06/11/2019
11,junio,11/06/2019
AFG-002583,región C,06/12/2019
AFG-001677,región D,12/06/2019
AFG-001130,región F,12/06/2019
AFG-002736,región C,13/06/2019
AFG-001612,región E,13/06/2019
AFG-001128,región F,13/06/2019
AFG-001327,región C,14/06/2019
AFG-000947,región A,14/06/2019
14,junio,14/06/2019
AFG-002402,región A,15/06/2019
AFG-000996,región B,15/06/2019
15,junio,15/06/2019
AFG-002649,región C,16/06/2019
AFG-002254,región D,16/06/2019
16,junio,16/06/2019
AFG-001644,región C,17/06/2019
17,junio,17/06/2019
17,junio,17/06/2019
AFG-002653,región D,18/06/2019
AFG-002198,región C,18/06/2019
AFG-001530,región E,18/06/2019
AFG-002978,región D,19/06/2019
AFG-002926,región F,19/06/2019
19,junio,19/06/2019
AFG-001820,región B,20/06/2019
AFG-001220,región C,20/06/2019
20,junio,20/06/2019
AFG-001089,región B,21/06/2019
AFG-000987,región F,21/06/2019
21,junio,21/06/2019
AFG-003065,región B,22/06/2019
AFG-002726,región A,22/06/2019
AFG-002163,región D,22/06/2019
AFG-002847,región A,23/06/2019
AFG-002415,región D,23/06/2019
AFG-001470,región F,23/06/2019
AFG-002543,región D,24/06/2019
AFG-001747,región C,24/06/2019
AFG-001620,región E,24/06/2019
AFG-002729,región C,25/06/2019
AFG-001853,región D,25/06/2019
25,junio,25/06/2019
AFG-001875,región C,26/06/2019
AFG-001136,región F,26/06/2019
26,junio,26/06/2019
AFG-003077,región B,27/06/2019
AFG-001144,región A,27/06/2019
AFG-000986,región E,27/06/2019
AFG-003055,región F,28/06/2019
28,junio,28/06/2019
28,junio,28/06/2019
AFG-003218,región C,29/06/2019
AFG-002042,región D,29/06/2019
AFG-001940,región E,29/06/2019
AFG-001822,región E,30/06/2019
AFG-001258,región B,30/06/2019
30,junio,30/06/2019
AFG-002316,región B,07/01/2019
AFG-001907,región C,07/01/2019
AFG-001083,región D,01/07/2019
AFG-002694,región D,02/07/2019
AFG-002508,región F,07/02/2019
AFG-001457,región C,02/07/2019
AFG-002659,región F,03/07/2019
AFG-001513,región E,03/07/2019
3,julio,03/07/2019
AFG-003275,región E,04/07/2019
4,julio,04/07/2019
4,julio,04/07/2019
AFG-002625,región B,05/07/2019
AFG-002091,región F,07/05/2019
AFG-001392,región C,05/07/2019
AFG-002784,región C,06/07/2019
AFG-002633,región E,06/07/2019
AFG-002020,región D,07/06/2019
AFG-003033,región C,07/07/2019
AFG-001465,región D,07/07/2019
7,julio,07/07/2019
AFG-002313,región D,07/08/2019
AFG-001360,región C,08/07/2019
AFG-001296,región B,08/07/2019
AFG-003045,región F,09/07/2019
AFG-001302,región D,09/07/2019
9,julio,09/07/2019
AFG-002092,región E,07/10/2019
AFG-001871,región D,10/07/2019
10,julio,10/07/2019
AFG-003203,región B,11/07/2019
AFG-002682,región D,11/07/2019
AFG-001425,región C,11/07/2019
12,julio,12/07/2019
12,julio,12/07/2019
12,julio,12/07/2019
AFG-002079,región D,13/07/2019
13,julio,13/07/2019
13,julio,13/07/2019
AFG-003003,región E,14/07/2019
AFG-002946,región B,14/07/2019
AFG-001288,región D,14/07/2019
AFG-002365,región E,15/07/2019
AFG-001593,región D,15/07/2019
15,julio,15/07/2019
AFG-002890,región E,16/07/2019
AFG-002818,región F,16/07/2019
AFG-002661,región A,16/07/2019
AFG-002538,región C,17/07/2019
AFG-001987,región D,17/07/2019
17,julio,17/07/2019
AFG-003132,región E,18/07/2019
AFG-003048,región A,18/07/2019
18,julio,18/07/2019
AFG-002840,región F,19/07/2019
AFG-002674,región D,19/07/2019
AFG-001466,región A,19/07/2019
AFG-002801,región D,20/07/2019
AFG-001407,región B,20/07/2019
AFG-001356,región E,20/07/2019
AFG-003116,región A,21/07/2019
AFG-002295,región C,21/07/2019
AFG-001816,región D,21/07/2019
AFG-003300,región B,22/07/2019
AFG-001494,región F,22/07/2019
22,julio,22/07/2019
AFG-003171,región D,23/07/2019
AFG-002544,región C,23/07/2019
AFG-002394,región E,23/07/2019
AFG-001133,región C,24/07/2019
24,julio,24/07/2019
24,julio,24/07/2019
AFG-003142,región A,25/07/2019
AFG-002824,región D,25/07/2019
25,julio,25/07/2019
AFG-002691,región C,26/07/2019
AFG-002687,región F,26/07/2019
26,julio,26/07/2019
AFG-002877,región E,27/07/2019
AFG-001190,región D,27/07/2019
27,julio,27/07/2019
AFG-002181,región B,28/07/2019
AFG-001382,región C,28/07/2019
AFG-000941,región F,28/07/2019
AFG-002276,región E,29/07/2019
AFG-001353,región F,29/07/2019
AFG-001157,región D,29/07/2019
AFG-003074,región D,30/07/2019
AFG-002374,región C,30/07/2019
30,julio,30/07/2019
AFG-003064,región F,31/07/2019
AFG-002505,región A,31/07/2019
AFG-001523,región D,31/07/2019
AFG-003294,región D,01/08/2019
AFG-001234,región B,01/08/2019
1,agosto,01/08/2019
AFG-002944,región F,02/08/2019
AFG-002939,región E,02/08/2019
2,agosto,02/08/2019
AFG-002934,región A,03/08/2019
AFG-002515,región D,08/03/2019
3,agosto,03/08/2019
AFG-003211,región A,04/08/2019
AFG-001549,región F,04/08/2019
4,agosto,04/08/2019
AFG-003233,región C,05/08/2019
AFG-002596,región B,08/05/2019
5,agosto,05/08/2019
AFG-002712,región A,06/08/2019
AFG-002383,región F,08/06/2019
AFG-001698,región E,06/08/2019
AFG-003250,región A,07/08/2019
AFG-001876,región C,07/08/2019
AFG-001191,región B,07/08/2019
AFG-001389,región F,08/08/2019
8,agosto,08/08/2019
8,agosto,08/08/2019
AFG-003104,región B,09/08/2019
9,agosto,09/08/2019
9,agosto,09/08/2019
AFG-001756,región F,10/08/2019
AFG-001613,región A,10/08/2019
AFG-001528,región B,10/08/2019
AFG-002807,región D,11/08/2019
11,agosto,11/08/2019
11,agosto,11/08/2019
AFG-002831,región B,12/08/2019
AFG-002249,región C,08/12/2019
AFG-002230,región A,08/12/2019
AFG-002190,región C,13/08/2019
AFG-002044,región D,13/08/2019
13,agosto,13/08/2019
AFG-002599,región A,14/08/2019
AFG-001939,región F,14/08/2019
AFG-001660,región B,14/08/2019
AFG-002704,región D,15/08/2019
AFG-001538,región A,15/08/2019
AFG-001359,región F,15/08/2019
AFG-002328,región D,16/08/2019
AFG-002090,región B,16/08/2019
16,agosto,16/08/2019
AFG-002207,región A,17/08/2019
AFG-001668,región F,17/08/2019
AFG-001291,región B,17/08/2019
AFG-002329,región A,18/08/2019
AFG-001800,región E,18/08/2019
AFG-000994,región F,18/08/2019
AFG-003201,región E,19/08/2019
AFG-003176,región C,19/08/2019
AFG-001715,región D,19/08/2019
AFG-001938,región D,20/08/2019
20,agosto,20/08/2019
20,agosto,20/08/2019
AFG-002094,región E,21/08/2019
AFG-001085,región D,21/08/2019
AFG-000936,región F,21/08/2019
AFG-002076,región A,22/08/2019
AFG-001794,región B,22/08/2019
AFG-001495,región C,22/08/2019
AFG-001692,región A,23/08/2019
AFG-001137,región F,23/08/2019
23,agosto,23/08/2019
AFG-003251,región E,24/08/2019
AFG-001948,región F,24/08/2019
24,agosto,24/08/2019
AFG-002503,región A,25/08/2019
25,agosto,25/08/2019
25,agosto,25/08/2019
AFG-003040,región A,26/08/2019
AFG-002998,región E,26/08/2019
AFG-001099,región D,26/08/2019
AFG-001696,región A,27/08/2019
AFG-001666,región F,27/08/2019
27,agosto,27/08/2019
AFG-002839,región D,28/08/2019
AFG-001413,región E,28/08/2019
28,agosto,28/08/2019
AFG-001286,región F,29/08/2019
AFG-001257,región D,29/08/2019
29,agosto,29/08/2019
AFG-003208,región C,30/08/2019
AFG-002528,región B,30/08/2019
30,agosto,30/08/2019
AFG-002658,región E,31/08/2019
AFG-002225,región F,31/08/2019
AFG-001393,región A,31/08/2019
AFG-001840,región F,01/09/2019
1,septiembre,01/09/2019
1,septiembre,01/09/2019
AFG-002487,región B,09/02/2019
2,septiembre,02/09/2019
2,septiembre,02/09/2019
AFG-002196,región E,09/03/2019
3,septiembre,03/09/2019
3,septiembre,03/09/2019
AFG-002384,región F,09/04/2019
AFG-002368,región D,09/04/2019
AFG-001098,región E,04/09/2019
AFG-002263,región B,09/05/2019
AFG-001900,región E,09/05/2019
AFG-001870,región C,05/09/2019
AFG-002637,región F,06/09/2019
AFG-002510,región E,09/06/2019
AFG-001109,región A,06/09/2019
AFG-002912,región D,07/09/2019
AFG-002448,región B,09/07/2019
AFG-002273,región A,09/07/2019
AFG-003119,región E,08/09/2019
AFG-001576,región D,08/09/2019
8,septiembre,08/09/2019
AFG-003261,región E,09/09/2019
AFG-002719,región A,09/09/2019
9,septiembre,09/09/2019
AFG-002176,región A,09/10/2019
AFG-002160,región C,09/10/2019
AFG-001699,región F,10/09/2019
AFG-002991,región F,11/09/2019
AFG-001041,región E,11/09/2019
11,septiembre,11/09/2019
AFG-002272,región B,09/12/2019
AFG-001488,región A,12/09/2019
12,septiembre,12/09/2019
AFG-002772,región C,13/09/2019
AFG-001038,región B,13/09/2019
13,septiembre,13/09/2019
AFG-003095,región A,14/09/2019
14,septiembre,14/09/2019
14,septiembre,14/09/2019
AFG-002077,región E,15/09/2019
AFG-001269,región C,15/09/2019
15,septiembre,15/09/2019
AFG-002275,región D,16/09/2019
AFG-000963,región C,16/09/2019
AFG-000950,región B,16/09/2019
AFG-003137,región E,17/09/2019
AFG-003127,región A,17/09/2019
AFG-002900,región F,17/09/2019
AFG-003272,región E,18/09/2019
AFG-002466,región A,18/09/2019
AFG-002427,región B,18/09/2019
AFG-001511,región D,19/09/2019
19,septiembre,19/09/2019
19,septiembre,19/09/2019
AFG-001231,región A,20/09/2019
20,septiembre,20/09/2019
20,septiembre,20/09/2019
AFG-001462,región B,21/09/2019
21,septiembre,21/09/2019
21,septiembre,21/09/2019
AFG-003024,región F,22/09/2019
AFG-001879,región A,22/09/2019
AFG-001390,región D,22/09/2019
AFG-003182,región F,23/09/2019
AFG-001581,región C,23/09/2019
AFG-001345,región E,23/09/2019
AFG-003034,región B,24/09/2019
AFG-001649,región A,24/09/2019
AFG-001022,región E,24/09/2019
AFG-003016,región B,25/09/2019
AFG-002622,región F,25/09/2019
AFG-001915,región C,25/09/2019
26,septiembre,26/09/2019
26,septiembre,26/09/2019
26,septiembre,26/09/2019
AFG-002816,región A,27/09/2019
AFG-002381,región F,27/09/2019
AFG-000938,región E,27/09/2019
AFG-003154,región C,28/09/2019
AFG-002537,región E,28/09/2019
28,septiembre,28/09/2019
29,septiembre,29/09/2019
29,septiembre,29/09/2019
29,septiembre,29/09/2019
AFG-002116,región F,30/09/2019
AFG-002084,región C,30/09/2019
30,septiembre,30/09/2019
AFG-003082,región D,01/10/2019
AFG-001369,región C,01/10/2019
1,octubre,01/10/2019
AFG-002981,región B,02/10/2019
AFG-002928,región F,02/10/2019
AFG-002579,región A,10/02/2019
AFG-003100,región C,03/10/2019
AFG-001595,región A,03/10/2019
AFG-001439,región B,03/10/2019
AFG-002546,región A,10/04/2019
AFG-001823,región B,04/10/2019
4,octubre,04/10/2019
AFG-002852,región B,05/10/2019
AFG-002462,región E,10/05/2019
5,octubre,05/10/2019
AFG-002657,región B,06/10/2019
AFG-002393,región C,10/06/2019
6,octubre,06/10/2019
AFG-003031,región E,07/10/2019
AFG-001437,región A,07/10/2019
7,octubre,07/10/2019
AFG-002751,región A,08/10/2019
AFG-002526,región D,10/08/2019
AFG-001443,región B,08/10/2019
AFG-002838,región D,09/10/2019
9,octubre,09/10/2019
9,octubre,09/10/2019
AFG-001782,región F,10/10/2019
AFG-001754,región C,10/10/2019
AFG-001084,región B,10/10/2019
AFG-002744,región B,11/10/2019
AFG-002286,región E,10/11/2019
11,octubre,11/10/2019
AFG-003265,región A,12/10/2019
AFG-001347,región C,12/10/2019
12,octubre,12/10/2019
AFG-002010,región B,13/10/2019
AFG-001642,región C,13/10/2019
13,octubre,13/10/2019
AFG-002780,región F,14/10/2019
AFG-001153,región E,14/10/2019
14,octubre,14/10/2019
AFG-002977,región F,15/10/2019
AFG-002103,región E,15/10/2019
AFG-001002,región B,15/10/2019
AFG-002844,región E,16/10/2019
AFG-001124,región D,16/10/2019
16,octubre,16/10/2019
AFG-003175,región E,17/10/2019
AFG-001232,región D,17/10/2019
17,octubre,17/10/2019
AFG-002885,región D,18/10/2019
AFG-002606,región C,18/10/2019
AFG-002281,región B,18/10/2019
AFG-003207,región E,19/10/2019
AFG-002648,región F,19/10/2019
AFG-001760,región A,19/10/2019
AFG-001678,región D,20/10/2019
AFG-001561,región B,20/10/2019
AFG-001079,región A,20/10/2019
AFG-002823,región A,21/10/2019
AFG-001949,región D,21/10/2019
21,octubre,21/10/2019
22,octubre,22/10/2019
22,octubre,22/10/2019
22,octubre,22/10/2019
AFG-001261,región C,23/10/2019
AFG-001255,región D,23/10/2019
23,octubre,23/10/2019
AFG-003138,región C,24/10/2019
AFG-001188,región B,24/10/2019
24,octubre,24/10/2019
AFG-003143,región B,25/10/2019
AFG-002643,región A,25/10/2019
AFG-001262,región F,25/10/2019
AFG-002791,región C,26/10/2019
AFG-002072,región A,26/10/2019
AFG-001997,región D,26/10/2019
AFG-003271,región A,27/10/2019
AFG-001284,región E,27/10/2019
27,octubre,27/10/2019
AFG-003038,región F,28/10/2019
AFG-002693,región A,28/10/2019
AFG-001499,región B,28/10/2019
AFG-002183,región F,29/10/2019
AFG-002041,región B,29/10/2019
AFG-001383,región A,29/10/2019
30,octubre,30/10/2019
30,octubre,30/10/2019
30,octubre,30/10/2019
AFG-001459,región A,31/10/2019
AFG-001080,región B,31/10/2019
31,octubre,31/10/2019
AFG-001874,región A,01/11/2019
1,noviembre,01/11/2019
1,noviembre,01/11/2019
AFG-003298,región E,02/11/2019
AFG-003020,región C,02/11/2019
AFG-002217,región D,11/02/2019
AFG-002355,región D,11/03/2019
AFG-002145,región E,11/03/2019
3,noviembre,03/11/2019
AFG-001110,región B,04/11/2019
4,noviembre,04/11/2019
4,noviembre,04/11/2019
AFG-002150,región E,11/05/2019
AFG-002142,región C,11/05/2019
5,noviembre,05/11/2019
AFG-002716,región E,06/11/2019
AFG-001636,región D,06/11/2019
AFG-001532,región A,06/11/2019
AFG-002834,región D,07/11/2019
7,noviembre,07/11/2019
7,noviembre,07/11/2019
AFG-001898,región E,11/08/2019
AFG-001713,región C,08/11/2019
8,noviembre,08/11/2019
AFG-001045,región B,09/11/2019
9,noviembre,09/11/2019
9,noviembre,09/11/2019
AFG-002419,región A,11/10/2019
AFG-001861,región C,10/11/2019
AFG-001703,región B,10/11/2019
AFG-002468,región A,11/11/2019
AFG-001640,región E,11/11/2019
11,noviembre,11/11/2019
AFG-003155,región A,12/11/2019
AFG-002918,región E,12/11/2019
AFG-002409,región D,11/12/2019
AFG-003006,región F,13/11/2019
AFG-001695,región D,13/11/2019
AFG-001170,región C,13/11/2019
AFG-001057,región A,14/11/2019
14,noviembre,14/11/2019
14,noviembre,14/11/2019
AFG-002580,región D,15/11/2019
15,noviembre,15/11/2019
15,noviembre,15/11/2019
AFG-003227,región E,16/11/2019
AFG-001807,región D,16/11/2019
AFG-001293,región F,16/11/2019
AFG-002620,región A,17/11/2019
AFG-002545,región D,17/11/2019
17,noviembre,17/11/2019
AFG-002215,región C,18/11/2019
AFG-001404,región E,18/11/2019
AFG-000975,región B,18/11/2019
AFG-001306,región B,19/11/2019
AFG-001285,región C,19/11/2019
19,noviembre,19/11/2019
AFG-003157,región C,20/11/2019
AFG-002372,región A,20/11/2019
AFG-001303,región B,20/11/2019
AFG-003089,región E,21/11/2019
21,noviembre,21/11/2019
21,noviembre,21/11/2019
AFG-001766,región F,22/11/2019
22,noviembre,22/11/2019
22,noviembre,22/11/2019
AFG-001256,región F,23/11/2019
AFG-001092,región A,23/11/2019
23,noviembre,23/11/2019
AFG-001607,región A,24/11/2019
24,noviembre,24/11/2019
24,noviembre,24/11/2019
AFG-002974,región C,25/11/2019
25,noviembre,25/11/2019
25,noviembre,25/11/2019
AFG-002799,región A,26/11/2019
26,noviembre,26/11/2019
26,noviembre,26/11/2019
AFG-001890,región A,27/11/2019
AFG-001721,región C,27/11/2019
AFG-001134,región B,27/11/2019
AFG-002199,región B,28/11/2019
AFG-002071,región F,28/11/2019
28,noviembre,28/11/2019
AFG-003178,región C,29/11/2019
AFG-002985,región F,29/11/2019
AFG-002064,región E,29/11/2019
AFG-002634,región B,30/11/2019
AFG-001658,región F,30/11/2019
30,noviembre,30/11/2019
AFG-001798,región B,01/12/2019
1,diciembre,01/12/2019
1,diciembre,01/12/2019
AFG-002455,región B,12/02/2019
AFG-001982,región C,12/02/2019
AFG-001972,región D,12/02/2019
AFG-002569,región A,12/03/2019
AFG-002488,región D,12/03/2019
3,diciembre,03/12/2019
AFG-003252,región C,04/12/2019
AFG-002133,región A,12/04/2019
AFG-001230,región B,04/12/2019
AFG-001458,región A,05/12/2019
5,diciembre,05/12/2019
5,diciembre,05/12/2019
AFG-002421,región B,12/06/2019
AFG-001330,región A,06/12/2019
6,diciembre,06/12/2019
AFG-002917,región E,07/12/2019
AFG-001010,región C,07/12/2019
7,diciembre,07/12/2019
AFG-003144,región C,08/12/2019
AFG-002603,región F,12/08/2019
8,diciembre,08/12/2019
AFG-001963,región F,12/09/2019
AFG-001937,región E,12/09/2019
AFG-001673,región B,09/12/2019
AFG-002821,región B,10/12/2019
AFG-002016,región D,12/10/2019
AFG-001410,región C,10/12/2019
AFG-002979,región E,11/12/2019
AFG-002391,región D,12/11/2019
AFG-001500,región F,11/12/2019
AFG-001166,región D,12/12/2019
12,diciembre,12/12/2019
12,diciembre,12/12/2019
AFG-001335,región D,13/12/2019
AFG-000979,región F,13/12/2019
13,diciembre,13/12/2019
AFG-001339,región F,14/12/2019
AFG-001250,región C,14/12/2019
14,diciembre,14/12/2019
AFG-001625,región B,15/12/2019
AFG-001475,región E,15/12/2019
15,diciembre,15/12/2019
AFG-002895,región A,16/12/2019
16,diciembre,16/12/2019
16,diciembre,16/12/2019
AFG-002026,región B,17/12/2019
AFG-001968,región A,17/12/2019
AFG-001967,región E,17/12/2019
AFG-002228,región D,18/12/2019
18,diciembre,18/12/2019
18,diciembre,18/12/2019
AFG-003159,región F,19/12/2019
AFG-003022,región A,19/12/2019
AFG-001122,región E,19/12/2019
AFG-001849,región A,20/12/2019
AFG-001036,región D,20/12/2019
20,diciembre,20/12/2019
AFG-002786,región A,21/12/2019
AFG-002035,región B,21/12/2019
21,diciembre,21/12/2019
AFG-002609,región C,22/12/2019
AFG-001096,región B,22/12/2019
AFG-000970,región F,22/12/2019
AFG-001280,región A,23/12/2019
23,diciembre,23/12/2019
23,diciembre,23/12/2019
AFG-002406,región B,24/12/2019
AFG-001618,región F,24/12/2019
24,diciembre,24/12/2019
AFG-002532,región F,25/12/2019
AFG-002520,región A,25/12/2019
25,diciembre,25/12/2019
AFG-002949,región B,26/12/2019
26,diciembre,26/12/2019
26,diciembre,26/12/2019
AFG-003135,región C,27/12/2019
AFG-001029,región F,27/12/2019
27,diciembre,27/12/2019
AFG-001402,región A,28/12/2019
28,diciembre,28/12/2019
28,diciembre,28/12/2019
AFG-002232,región E,29/12/2019
AFG-002052,región C,29/12/2019
29,diciembre,29/12/2019
AFG-002587,región D,30/12/2019
30,diciembre,30/12/2019
30,diciembre,30/12/2019
AFG-002500,región D,31/12/2019
AFG-002169,región A,31/12/2019
AFG-001805,región F,31/12/2019
AFG-001857,región E,01/01/2020
AFG-001371,región C,01/01/2020
1,enero,01/01/2020
AFG-003072,región A,02/01/2020
AFG-001504,región F,02/01/2020
AFG-001003,región B,02/01/2020
AFG-003274,región F,03/01/2020
AFG-002204,región B,01/03/2020
3,enero,03/01/2020
AFG-002593,región F,01/04/2020
AFG-002343,región A,01/04/2020
AFG-001728,región B,04/01/2020
AFG-001509,región B,05/01/2020
5,enero,05/01/2020
5,enero,05/01/2020
AFG-003133,región D,06/01/2020
AFG-001775,región B,06/01/2020
6,enero,06/01/2020
AFG-001790,región C,07/01/2020
7,enero,07/01/2020
7,enero,07/01/2020
AFG-003009,región E,08/01/2020
8,enero,08/01/2020
8,enero,08/01/2020
AFG-003202,región E,09/01/2020
AFG-003126,región B,09/01/2020
AFG-003081,región C,09/01/2020
AFG-002930,región B,10/01/2020
AFG-001135,región A,10/01/2020
10,enero,10/01/2020
AFG-003179,región D,11/01/2020
AFG-002728,región C,11/01/2020
11,enero,11/01/2020
AFG-002336,región C,01/12/2020
AFG-002236,región E,01/12/2020
AFG-001205,región D,12/01/2020
AFG-001014,región C,13/01/2020
AFG-000980,región E,13/01/2020
13,enero,13/01/2020
AFG-002635,región B,14/01/2020
AFG-002439,región A,14/01/2020
AFG-001974,región F,14/01/2020
AFG-001456,región E,15/01/2020
15,enero,15/01/2020
15,enero,15/01/2020
AFG-003026,región C,16/01/2020
AFG-002407,región B,16/01/2020
AFG-000962,región D,16/01/2020
AFG-002171,región E,17/01/2020
AFG-001932,región F,17/01/2020
AFG-001503,región A,17/01/2020
AFG-003277,región D,18/01/2020
AFG-001175,región A,18/01/2020
18,enero,18/01/2020
